0
0
0
0
0
0.13986
0.224972
0.372787
0.483481
0.511696
0.425532
0.443951
0.556962
0.695733
0.684638
0.646987
0.634669
0.634669
0.634669
0.634669
0.634669
0.634669
0.634669
0.633914
0.633914
0.633663
0.631413
0.624512
0.611154
0.56798
0.536733
0.508744
0.483384
0.460564
0.439802
0.42072
0.403124
0.387222
0.372353
0.358664
0.367568
0.375861
0.381679
0.36886
0.353949
0.343829
0.333978
0.324786
0.31551
0.314465
0.309446
0.303951
0.300253
0.294939
0.291322
0.285757
0.280857
0.276807
0.274447
0.271584
0.268513
0.268134
0.267154
0.265141
0.263121
0.261708
0.261204
0.259918
0.258997
0.257383
0.255892
0.255892
0.254215
0.253165
0.252358
0.251423
0.250792
0.249639
0.248984
0.247686
0.246689
0.245859
0.244845
0.24334
0.241946
0.240628
0.239234
0.238215
0.23679
0.235527
0.234221
0.233014
0.231934
0.230611
0.229441
0.228146
0.227273
0.225975
0.224772
0.223635
0.22243
0.221549
0.220315
0.219222
0.21809
0.217019
0.215983
0.214762
0.213579
0.212409
0.211416
0.210154
0.208929
0.20756
0.206657
0.205294
0.203972
0.20258
0.201335
0.2
0.198558
0.197034
0.195654
0.194234
0.1926
0.190955
0.189318
0.18784
0.185983
0.184144
0.182377
0.18054
0.178689
0.176613
0.174664
0.172602
0.170602
0.168335
0.166113
0.163977
0.162296
0.160081
0.157925
0.155827
0.153784
0.151794
0.149842
0.147941
0.146109
0.151906
0.150071
0.148258
0.147178
0.145317
0.143906
0.142268
0.140657
0.139082
0.137542
0.163254
0.161507
0.159787
0.158092
0.156484
0.154829
0.153237
0.15274
0.152352
0.150659
0.16835
0.166574
0.165309
0.164324
0.163172
0.162182
0.16129
0.160466
0.160085
0.159518
0.165289
0.165163
0.164832
0.164725
0.164387
0.164233
0.164098
0.163896
0.163791
0.163637
0.163618
0.16246
0.161756
0.159763
0.159699
0.159073
0.159073
0.159073
0.159073
0.159073
0.159073
0.159046
0.159046
0.159037
0.158964
0.158703
0.158219
0.156582
0.15515
0.153753
0.152481
0.151025
0.149685
0.14847
0.147105
0.145849
0.144613
0.143399
0.142197
0.141022
0.139881
0.143692
0.1522
0.150874
0.149247
0.148176
0.147045
0.145924
0.14484
0.143751
0.142686
0.141637
0.140596
0.139577
0.138572
0.137582
0.136594
0.135638
0.134689
0.133759
0.132836
0.131932
0.131034
0.130165
0.129296
0.132582
0.135741
0.138827
0.137713
0.136738
0.135859
0.13499
0.134138
0.133292
0.132461
0.131635
0.130825
0.130019
0.129228
0.128447
0.131431
0.130646
0.12987
0.129104
0.12836
0.127611
0.126871
0.12614
0.125421
0.124706
0.131089
0.130351
0.129624
0.128906
0.128196
0.127489
0.126795
0.126108
0.125436
0.124764
0.140869
0.140126
0.139995
0.138715
0.138112
0.137529
0.136875
0.136165
0.135668
0.135118
0.173082
0.172673
0.172155
0.171439
0.170783
0.170084
0.169993
0.169715
0.169561
0.16955
0.17897
0.17897
0.17897
0.17897
0.17897
0.17897
0.17897
0.17897
0.178958
0.178953
0.178953
0.178947
0.178947
0.178947
0.178947
0.178947
0.178947
0.178947
0.178947
0.178925
0.178891
0.178824
0.178734
0.178504
0.178253
0.177509
0.176667
0.175769
0.174884
0.174009
0.173152
0.172289
0.171439
0.170597
0.169759
0.168934
0.168117
0.167308
0.166501
0.165702
0.164916
0.164133
0.163361
0.162597
0.161835
0.163911
0.168705
0.16786
0.166922
0.166095
0.165353
0.164632
0.163903
0.163185
0.16247
0.161764
0.161052
0.160368
0.159681
0.158999
0.15832
0.15765
0.156986
0.156327
0.155678
0.155031
0.154392
0.153763
0.155688
0.157596
0.159377
0.158626
0.157847
0.157221
0.156588
0.155968
0.155352
0.154738
0.154132
0.153527
0.155359
0.154765
0.154169
0.153577
0.152989
0.15241
0.151835
0.151254
0.150688
0.150542
0.154317
0.153742
0.153171
0.152601
0.152039
0.151916
0.151206
0.150651
0.150102
0.149558
0.153534
0.153026
0.152757
0.152313
0.151854
0.151326
0.150846
0.150662
0.150309
0.149955
0.14974
0.149724
0.14948
0.149218
0.149198
0.149133
0.149015
0.148959
0.148875
0.148852
0.150995
0.150978
0.150952
0.150856
0.150846
0.150846
0.150846
0.150846
0.150846
0.150846
0.150846
0.150846
0.150846
0.150846
0.150836
0.150836
0.150833
0.15081
0.15075
0.150675
0.150428
0.150343
0.150026
0.149671
0.149331
0.148957
0.14854
0.148097
0.147613
0.14709
0.146575
0.146066
0.14556
0.145055
0.144557
0.144068
0.143577
0.143085
0.1426
0.142119
0.141637
0.141162
0.14069
0.140218
0.139752
0.13929
0.13883
0.138371
0.139916
0.141457
0.142905
0.142377
0.141808
0.141371
0.140922
0.140477
0.140037
0.139597
0.139168
0.138736
0.138305
0.137878
0.137454
0.137033
0.136615
0.136199
0.13578
0.135374
0.134965
0.134562
0.136021
0.135617
0.135215
0.136665
0.139896
0.139437
0.138917
0.138489
0.138086
0.137684
0.139095
0.138694
0.138295
0.137896
0.137502
0.137111
0.136721
0.136331
0.135944
0.135563
0.143961
0.143557
0.143156
0.14276
0.142364
0.141974
0.141582
0.141194
0.140809
0.140423
0.148581
0.148178
0.147776
0.147378
0.146982
0.146588
0.146497
0.145841
0.145446
0.145082
0.146286
0.145869
0.145443
0.145059
0.144739
0.144255
0.143958
0.143737
0.143428
0.14302
0.142924
0.142894
0.142575
0.142533
0.142452
0.142374
0.142208
0.142165
0.142066
0.142032
0.142032
0.142032
0.142032
0.142032
0.142032
0.142032
0.142032
0.142032
0.142018
0.141938
0.141746
0.141654
0.141568
0.141345
0.141112
0.140861
0.14058
0.140264
0.139936
0.139567
0.139205
0.138845
0.138517
0.138132
0.137778
0.137425
0.137072
0.136722
0.136375
0.136027
0.135683
0.135341
0.135
0.13466
0.134322
0.133987
0.133651
0.133323
0.132993
0.134172
0.136799
0.136434
0.135977
0.135677
0.135352
0.135027
0.134705
0.134383
0.134064
0.133745
