0
0.48352
1.1872
3.98624
5.20672
5.20672
5.20672
5.47584
5.63552
5.61376
3.69696
5.19424
5.20672
5.53216
5.63072
5.6096
2.69888
0
0
0
0
0
0
0.09824
0
0
0.29056
0.40128
2.2912
3.93376
5.20672
5.20672
5.20672
5.20672
5.20672
5.20672
5.21088
5.15968
5.20672
5.20672
5.20672
5.20672
5.41952
5.4832
5.61152
5.20672
5.21088
5.15968
5.20672
0.81664
5.02368
0.87456
3.888
2.2352
1.17088
4.60224
2.44512
3.51584
2.32576
2.12256
1.74336
0.2464
1.2912
1.3824
1.40032
0.50784
0.75008
0.54144
1.06368
1.18528
0.97696
0
1.69472
0.81216
0.44288
0.584
0.91328
0.91744
0.1024
1.5856
0.68224
0.4512
1.5856
1.57184
1.24256
1.14848
1.56768
1.54272
1.57184
1.0544
1.33664
1.55936
1.55104
1.43072
1.00736
1.5248
1.53856
1.57184
1.24256
1.14848
1.56768
1.54272
1.57184
1.0544
1.33664
1.55936
1.69632
1.43904
1.25088
1.80288
1.74336
1.6272
1.30624
1.87072
1.97024
1.9648
1.45568
1.92608
2.2816
2.384
1.79744
2.08384
2.57632
2.76864
2.23744
2.38272
2.98176
3.2432
2.87392
2.92512
3.33184
3.89632
3.44256
3.65984
3.92544
4.54112
4.22016
4.58688
5.0448
4.03072
4.56736
5.20672
5.20672
5.20672
5.15968
5.20672
5.20672
5.20672
5.20672
5.20672
5.20256
5.20672
2.27072
5.28288
5.11168
5.20672
5.20672
5.20672
5.20672
5.20672
5.20256
5.20672
5.20672
4.87744
5.536
5.20672
0.79712
1.19232
5.75808
3.16672
5.2496
3.18272
2.68576
3.52512
2.55712
3.55456
1.77824
1.70176
1.86624
0.22944
0.56928
0.62784
0.51744
0.72544
0.37248
0.36736
0.616
0.392
0.25216
0.04704
0.00416
2.12544
6.5888
0.43136
3.56416
0
0
0
0
0
0.09824
0
0
0.19648
0.49536
2.10304
4.02368
5.20672
5.20672
5.18176
5.23168
5.21088
5.13888
5.22752
5.20672
5.20672
5.20672
5.20672
5.20672
5.20256
5.20672
5.3536
5.53024
5.53248
5.26368
5.20672
5.20672
5.20256
5.20672
5.20672
5.20672
5.20672
5.20672
5.20672
5.20672
5.21088
5.15968
5.20672
5.20672
5.20672
5.20672
5.20672
5.20256
5.20672
5.20672
5.20672
5.49504
5.56544
5.36832
5.20672
5.20672
5.20672
5.20672
5.20672
5.20672
5.20672
5.16384
5.20672
5.20672
5.20672
5.20672
5.20672
5.20672
5.20256
5.20672
5.20672
5.20672
5.20672
5.20672
5.20672
5.20672
5.15968
5.20672
5.20672
5.20672
5.20672
5.20672
5.20256
5.20672
5.20672
5.15968
0.05824
9.30944
3.30432
4.94784
4.41248
5.20672
2.80896
3.83616
4.23936
1.08096
3.82848
2.85344
4.80256
4.05856
0.81216
0.55616
1.52224
0.10368
0
0
0
0
0
0
0
0
0.04704
0.0512
0
0
0
0
0
0
0
0
0
0.09824
0.1024
0.29472
0.71808
1.07648
1.68384
2.87392
5.18176
5.20672
5.20672
5.20672
5.20256
5.20672
5.20672
5.20672
5.20672
5.20672
5.20672
5.20672
5.20672
5.16384
5.20672
5.20672
5.20672
5.20672
5.20672
5.20672
5.23456
5.50208
5.55328
5.4064
5.20672
5.20256
5.20672
5.20672
5.20672
5.20672
5.21088
5.20256
5.20672
5.20672
5.16384
5.20672
5.20672
5.20672
5.20672
5.20672
5.20672
5.20256
5.20672
5.20672
5.39712
5.5424
5.51328
5.20256
5.21088
5.15968
5.20672
5.20672
5.20672
5.20672
5.20672
5.20256
5.20672
5.20672
5.20672
5.20672
5.20256
5.21088
5.20672
0.4512
8.66208
5.15968
5.20672
5.20672
5.20672
0.30176
7.096
5.20672
5.20672
5.20672
5.20672
3.93664
3.5792
3.3312
4.74176
5.0144
3.8384
2.5872
2.8464
3.30144
1.83616
0.10368
2.47552
2.46912
0.11072
0.98496
0.67648
0.79968
0.50912
0.36256
0.0848
0.256
0.35808
0.82048
0.12736
0
0
0
0
0
0
0
0
0
0.09824
0
0
0.1024
0.55488
0.80384
1.53312
1.31328
2.52096
3.0704
3.7552
3.96
4.07904
4.4208
4.90784
5.21088
5.20672
5.20672
5.20672
5.20672
5.20672
5.20256
5.20672
5.20672
5.20672
5.20672
5.20672
5.20672
5.20672
5.15968
5.20672
5.20672
5.20672
5.20672
5.20672
5.20256
5.41824
5.55328
5.50368
5.21088
5.20672
5.20672
5.20672
5.20672
5.20256
5.20672
5.20672
5.20672
5.20672
5.20672
5.20672
5.20672
5.21088
5.15968
5.20672
5.20672
5.20672
5.20672
5.20672
5.20256
5.26112
5.50784
5.54176
5.32512
5.20672
5.20672
5.20256
5.20672
5.20672
5.20672
5.20672
5.20672
5.20672
5.20672
5.21088
5.15968
5.20672
5.20672
5.20672
5.20672
5.20672
5.20256
5.20672
5.20672
5.20672
5.20672
5.20672
5.20672
5.20672
5.15968
5.20672
5.20672
0.4
8.96768
5.20672
5.2816
4.99232
5.20672
5.31488
5.20672
5.31072
4.74048
3.20192
2.90304
4.84032
4.36576
0.6352
0.61152
4.20832
0.18816
1.10976
1.74208
1.71968
0.91552
0.2096
0.5184
0
0
0
0
0
0
0
0
0.14528
0.10656
3.22112
0.2368
1.89024
2.10592
3.60992
3.90464
3.83968
4.33088
4.9424
5.16384
5.20672
5.20672
5.1776
5.23168
5.20672
5.20672
5.20672
5.20672
5.20672
5.20672
5.20672
5.15968
5.20672
5.20672
5.20672
5.20672
5.20672
5.20256
5.20672
5.20672
5.35296
5.52896
5.5488
5.26912
5.20672
5.20672
5.20672
5.20672
5.20672
5.15968
