0
0.50432
2.59008
6.00352
10.193
7.03136
5.32288
4.04928
3.3312
1.6112
10.5635
5.11264
5.40832
4.10016
4.17248
2.03456
0.29184
0
0
0
0
0
0
0.09824
0
0.00416
0.29472
1.1456
1.60512
7.64576
5.44192
5.44192
5.48896
5.44192
5.44192
5.48896
5.536
5.43776
5.48896
5.44192
5.44192
5.44192
4.41312
3.70592
6.23968
5.15968
5.39488
5.34368
5.34656
0.34048
0.512
4.49248
0.45408
3.4336
3.07712
2.58784
3.6128
3.11328
0.7056
1.89152
2.86272
0.29888
0.1664
1.42528
1.38656
1.44864
0.05824
1.2288
0.30464
1.64992
1.33664
0
0.90336
0.77216
0.8288
0.88832
0.1648
0.91744
0.89792
0.85248
0.94368
0.92288
0.8192
1.57184
1.55936
1.55104
1.47776
0.91328
1.57184
1.55104
1.55936
1.2896
1.10144
1.56768
1.54688
1.56768
0.8192
1.57184
1.55936
1.55104
1.47776
0.91328
1.57184
1.55104
1.55936
1.33664
1.20384
1.75168
1.74752
1.53312
1.20384
1.8112
1.93568
2.00768
1.024
2.01184
2.1792
2.19584
1.6992
1.9344
2.47392
2.58048
2.04096
2.1392
2.91808
2.96928
2.75904
2.25824
3.50752
3.55456
3.24608
3.27104
3.62656
4.29344
3.9296
4.09984
4.22432
5.08352
4.87328
5.29376
3.62944
5.34784
5.34784
5.34784
5.34784
5.34784
5.39488
5.39488
5.3008
5.34784
5.3008
5.39488
3.7136
3.87648
4.03616
5.25376
5.3008
5.3008
5.3008
5.25376
5.20672
5.25376
5.3008
5.23712
5.2704
5.3008
2.09888
0.91008
3.57856
3.23648
5.29952
3.8176
3.45216
2.58432
2.6512
2.09792
3.10208
0.36096
1.31136
0.61632
0.10464
1.13472
0.05984
1.09856
0.45696
0.36736
0.49056
0.18464
0.58496
0.0512
5.73888
1.79616
4.86592
0.0336
0.41632
0
0
0
0
0
0.09824
0
0.00416
0.29056
1.14976
1.5968
6.94432
5.48896
5.44192
4.87744
6.05344
5.536
4.96736
5.95936
5.44192
5.44192
5.44192
5.48896
5.44192
5.34784
5.48896
4.7712
3.97536
6.12736
4.78336
5.3008
5.34784
5.20672
5.34784
5.3008
5.3008
5.34784
5.3008
5.3008
5.3008
5.39488
5.29664
5.3008
5.25376
5.3008
5.25376
5.3008
5.15968
5.25376
5.25376
5.37696
4.00768
4.88384
5.2544
5.3008
5.3008
5.25376
5.3008
5.25376
5.3008
5.25376
5.34368
5.25376
5.25376
5.25376
5.25376
5.25376
5.25376
5.11264
5.25376
5.25376
5.25376
5.20672
5.25376
5.20672
5.25376
5.20672
5.20672
5.20672
5.25376
5.20672
5.20672
5.11264
5.20672
5.20672
5.20256
1.31712
6.17312
4.79424
1.80192
4.9824
5.25376
4.11488
2.80128
2.75232
2.70912
2.74944
3.93248
3.54784
3.58528
0.0816
2.01728
0.12064
0.0096
0
0
0
0
0
0
0
0
0.0512
0.04704
0
0.00416
0
0
0
0
0
0
0
0.1024
0.23936
0.43584
0.45248
1.45696
1.34496
5.05984
4.92448
5.48896
5.44192
5.44192
5.34784
5.48896
5.44192
5.44192
5.48896
5.44192
5.44192
5.44192
5.48896
5.53184
5.44192
5.48896
5.44192
5.44192
5.48896
5.44192
5.36192
3.94848
5.0512
5.22208
5.34784
5.20672
5.34784
5.3008
5.34784
5.3008
5.44192
5.20672
5.3008
5.3008
5.39072
5.3008
5.3008
5.3008
5.25376
5.3008
5.25376
5.20672
5.25376
5.25376
4.53248
4.38432
5.46624
5.20672
5.34784
5.29664
5.25376
5.3008
5.25376
5.3008
5.25376
5.15968
5.25376
5.25376
5.25376
5.20672
5.20672
5.34784
5.20672
1.75712
5.56864
5.25376
5.25376
5.3008
5.25376
1.56064
4.47296
5.3008
5.25376
5.25376
5.25376
5.19968
0.45888
4.74432
4.29216
5.15136
5.0544
0.264
3.78752
3.57536
2.28576
0.15072
1.6032
2.6912
0.19648
0.13824
1.14688
0.0816
0.83712
0.0336
0.61568
0.0208
0.08
0.8496
0.09824
0
0
0
0
0
0
0
0
0
0.09824
0
0.00416
0.2864
0.4608
0.73888
2.62752
0.19392
3.448
3.79808
3.30976
3.69856
4.35712
4.60896
5.05312
5.536
5.48896
5.44192
5.44192
5.48896
5.44192
5.34784
5.44192
5.48896
5.44192
5.44192
5.48896
5.44192
5.44192
5.48896
5.44192
5.44192
5.44192
5.48896
5.44192
5.34784
4.54944
4.36768
5.5824
5.11264
5.34784
5.34784
5.3008
5.34784
5.20672
5.3008
5.34784
5.3008
5.3008
5.3008
5.3008
5.3008
5.39488
5.2496
5.3008
5.25376
5.3008
5.25376
5.25376
5.20672
5.14912
3.94976
5.17312
5.34112
5.25376
5.3008
5.20672
5.25376
5.25376
5.3008
5.25376
5.25376
5.25376
5.3008
5.3008
5.2496
5.25376
5.25376
5.25376
5.20672
5.25376
5.15968
5.25376
5.20672
5.20672
5.25376
5.20672
5.20672
5.25376
5.20672
5.20672
5.20672
1.61184
5.87424
5.34784
3.66848
6.75072
5.38944
5.36736
5.25376
2.74432
7.53792
4.55488
2.05632
2.15104
5.36032
1.67136
0.0624
3.19424
0.76352
0.78048
0.2368
2.02368
0.10592
1.93824
0.2832
0
0
0
0
0
0
0
0
0.1536
1.60352
1.80736
1.79584
0.24384
3.70944
3.25856
3.50624
4.20768
4.74592
4.728
5.57888
5.44192
5.44192
4.78336
6.05344
5.44192
5.44192
5.48896
5.44192
5.44192
5.48896
5.44192
5.44192
5.44192
5.48896
5.44192
5.44192
5.48896
5.34784
5.44192
5.44192
4.90752
3.94752
6.12864
4.68928
5.3008
5.34784
5.3008
5.34784
5.3008
5.34784
