0.158022 5360
0.158022 5360
0.215015 5896
0.215102 6968
0.215188 8040
0.215274 9112
0.215361 10184
0.271015 11256
0.271102 12328
0.271188 13400
0.271274 14472
0.273015 15544
0.275015 16616
0.277015 17688
0.279015 18760
0.281015 19832
0.327015 20904
0.327102 21976
0.327188 23048
0.327274 24120
0.329015 25192
0.331015 26264
0.333015 27336
0.335015 28408
0.337015 29480
0.337102 30552
0.339015 31624
0.341015 32696
0.343015 33768
0.346015 34840
0.348015 35912
0.350015 36984
0.352015 38056
0.354015 39128
0.383015 40200
0.383102 41272
0.383188 42344
0.383274 43416
0.385015 44488
0.387015 45560
0.389015 46632
0.391015 47704
0.393015 48776
0.393102 49848
0.395015 50920
0.397015 51992
0.399015 53064
0.402015 54136
0.404015 55208
0.406015 56280
0.408015 57352
0.410015 58424
0.410102 59496
0.412015 60568
0.414015 61640
0.416015 62712
0.419015 63784
0.421015 64856
0.423015 65928
0.425015 67000
0.427015 68072
0.427102 69144
0.429015 70216
0.431015 71288
0.433015 72360
0.436015 73432
0.438015 74504
0.440015 75576
0.442015 76648
0.444015 77720
0.444102 78792
0.446015 79864
0.448015 80936
0.450015 82008
0.453015 83080
0.455015 84152
0.457015 85224
0.459015 86296
0.461015 87368
0.461102 88440
0.463015 89512
0.465015 90584
0.467015 91656
0.470015 92728
0.472015 93800
0.474015 94872
0.476015 95944
0.478015 97016
0.478102 98088
0.480015 99160
0.482015 100232
0.484015 101304
0.487015 102376
0.489015 103448
0.491015 104520
0.493015 105592
0.495015 106664
0.495102 107736
0.497015 108808
0.499015 109880
0.501015 110952
0.504015 112024
0.506015 113096
0.508015 114168
0.510015 115240
0.512015 116312
0.512102 117384
0.514015 118456
0.516015 119528
0.518015 120600
0.521015 121672
0.523015 122744
0.525015 123816
0.527015 124888
0.529015 125960
0.529102 127032
0.531015 128104
0.533015 129176
0.535015 130248
0.538015 131320
0.540015 132392
0.542015 133464
0.544015 134536
0.544102 135608
0.546015 136680
0.548015 137752
0.550015 138824
0.553015 139896
0.555015 140968
0.557015 142040
0.559015 143112
0.561015 144184
0.561102 145256
0.563015 146328
0.565015 147400
0.567015 148472
0.570015 149544
0.572015 150616
0.574015 151688
0.576015 152760
0.578015 153832
0.578102 154904
0.580015 155976
0.582015 157048
0.584015 158120
0.587015 159192
0.589015 160264
0.591015 161336
0.593015 162408
0.595015 163480
0.595102 164552
0.597015 164552
0.614015 165088
0.633015 165624
0.652015 166160
0.672015 166696
0.691015 167232
0.712028 167232
0.712028 128696
0.712127 128586
0.714028 128530
0.714127 128475
0.714226 128420
0.716028 128364
0.716127 128309
0.717028 128254
0.718028 128198
0.719028 128143
0.720028 128088
0.721028 128032
0.722028 127977
0.723028 127922
0.724028 127866
0.725028 127811
0.726028 127756
0.727028 127700
0.728028 127645
0.729028 127589
0.730028 127534
0.730127 127479
0.731028 127423
0.732028 127368
0.733028 127313
0.734028 127257
0.735028 127202
0.736028 127147
0.737028 127091
0.738028 127036
0.739028 126981
0.740028 126925
0.741028 126870
0.742028 126815
0.743028 126759
0.744028 126704
0.745028 126649
0.746028 126593
0.747028 126538
0.747127 126482
0.748028 126427
0.749028 126372
0.750028 126316
0.751028 126261
0.752028 126206
0.753028 126150
0.754028 126095
0.755028 126040
0.756028 125984
0.757028 125929
0.758028 125874
0.759028 125818
0.760028 125763
0.761028 125708
0.762028 125652
0.763028 125597
0.764028 125503
0.765028 125447
0.766028 125392
0.768028 125291
0.770028 125236
0.770127 125180
0.771028 125080
0.773028 125024
0.774028 124969
0.775028 124914
0.776028 124224
0.777028 123296
0.778028 122808
0.779028 122272
0.780028 121784
0.780127 121248
0.781028 120760
0.782028 120224
0.783028 119736
0.784028 119200
0.785028 118712
0.786028 118176
0.787028 117688
0.788028 117152
0.789028 116848
0.790028 116664
0.793028 116176
0.795028 115688
0.797028 115200
0.799028 114712
0.800028 114224
0.802028 113736
0.804028 113248
0.806028 112760
0.807041 112272
0.809041 111736
0.810041 111296
0.812041 110808
0.814041 110320
0.816041 109832
0.818041 109344
0.819041 108856
0.821041 108368
0.823041 107880
0.825041 107392
0.827041 106904
0.828153 106416
0.830041 105928
0.832041 105440
0.834041 104952
0.836041 104464
0.838041 103976
0.839041 103488
0.841041 103000
0.843041 102512
0.845041 102024
0.846041 101536
0.850041 101096
0.852041 100608
0.854041 100120
0.856054 99632
0.856178 99144
0.857054 98072
0.858054 97584
0.862054 97096
0.864054 96608
0.866054 96120
0.867054 95632
0.869054 95144
0.871054 94656
0.879178 94168
0.879428 93680
0.879678 93192
0.879927 92704
0.880178 92216
0.882054 91728
0.884054 91240
0.885054 90752
0.889054 90312
0.891054 89824
0.893054 89336
0.895054 88848
0.896054 88360
0.898054 87872
0.900054 87384
0.902054 86896
0.904054 86408
0.905054 85920
0.907054 85432
0.909054 84944
0.911054 84456
0.912054 83968
0.913054 83480
0.914054 82456
0.917054 81968
0.919054 81480
0.921054 80992
0.923054 80504
0.924054 80016
0.925054 79528
0.930054 79088
0.932054 78600
0.933178 78112
0.934054 77576
0.935054 40104
1.00717 25144
1.02703 9552
1.05502 116848
1.11102 117384
1.13402 117920
1.16402 118456
1.19802 118992
1.22702 119528
1.25702 120064
1.28702 120600
1.30623 120600
1.30623 120064
1.30803 119734
1.30813 119569
1.31003 119403
1.31013 119238
1.31203 119073
1.31213 118907
1.31303 118742
1.31403 118577
1.31503 118412
1.31603 118246
1.31703 118081
1.31803 117916
1.31903 117750
1.32003 117585
1.32103 117420
1.32203 117255
1.32303 117089
1.32313 116924
1.32403 116759
1.32503 116593
1.32603 116428
1.32703 116263
1.32803 116098
1.32903 115932
1.33003 115767
1.33103 115602
1.33203 115436
1.33303 115271
1.33403 115106
1.33503 114941
1.33603 114775
1.33703 114610
1.33803 114445
1.33903 114279
1.34003 114114
1.34013 113949
1.34103 113784
1.34203 113618
1.34303 113453
1.34403 113288
1.34504 113122
1.34604 112957
1.34704 112256
1.34804 112091
1.34904 111925
1.35004 111760
1.35104 111595
1.35204 111429
1.35304 111264
1.35404 111099
1.35504 110934
1.35604 110768
1.35704 110603
1.35715 110438
1.35804 110272
1.36604 110107
1.36615 109942
1.36626 109777
1.36638 109611
1.36649 109446
1.3666 109281
1.36671 109115
1.36704 108950
1.36715 108785
1.36804 108620
1.36904 108454
1.37704 108289
1.37715 108124
1.37726 107958
1.37738 107793
1.37749 107628
1.3776 107463
1.37771 107297
1.37782 107132
1.37804 106967
1.37815 106801
1.37904 106636
1.38004 106471
1.38104 106306
1.38204 106140
1.38305 105975
1.38405 105810
1.38505 105108
1.38605 104943
1.38705 104778
1.38805 104613
1.38905 104447
1.39005 104282
1.39018 104117
1.39105 103951
1.39205 103786
1.39305 103621
1.39405 103456
1.39505 103290
1.39605 102648
1.39705 102112
1.39805 101576
1.39905 101040
1.40005 100504
1.40105 99968
1.40205 99432
1.40305 98896
1.40405 98360
1.40505 97824
1.40605 97288
1.40705 96752
1.40718 96216
1.40805 95680
1.40905 95144
1.41005 94608
1.41105 94072
1.41205 93536
1.41305 93000
1.41405 92464
1.41505 91928
1.41605 91392
1.41705 90856
1.41805 90320
1.41905 89784
1.42005 88712
1.42105 88176
1.42205 87640
1.42305 87104
1.42405 86568
1.42418 86032
1.42505 85496
1.42605 84960
1.42705 84424
1.42805 84152
1.42905 83888
1.45305 83352
1.48505 82816
1.52805 82552
1.53805 82816
2.30402 82816
2.30402 536
2.61602 1072
2.67302 2144
2.73002 3216
2.7301 4288
2.78702 5360
2.7871 6432
2.78719 7504
2.78727 8576
2.84402 9648
2.8441 10720
2.84419 11792
2.84427 12864
2.84602 13936
2.84802 15008
2.85002 16080
2.85202 17152
2.90102 18224
2.9011 19296
2.90119 20368
2.90127 21440
2.90302 22512
2.90502 23584
2.90702 24656
2.90902 25728
2.91102 26800
2.9111 27872
2.91302 28944
2.91502 30016
2.91702 31088
2.92002 32160
2.92202 33232
2.92402 34304
2.95802 35376
2.9581 36448
2.95819 37520
2.95827 38592
2.96002 39664
2.96202 40736
2.96402 41808
2.96602 42880
2.96802 43952
2.9681 45024
2.97002 46096
2.97202 47168
2.97402 48240
2.97702 49312
2.97902 50384
2.98102 51456
2.98302 52528
2.98502 53600
2.9851 54672
2.98702 55744
2.98902 56816
2.99102 57888
2.99402 58424
3.01302 58960
3.03202 59496
3.05102 60032
3.0681 60568
3.08702 61104
3.10602 61640
3.12502 62176
3.14502 62712
3.16402 63248
3.18302 63784
3.20202 64320
3.22102 64856
3.23802 65392
3.25702 65928
3.27602 66464
3.29602 67000
3.31502 67536
3.33402 68072
3.35302 68608
3.37202 69144
3.3891 69680
3.40802 70216
3.42702 70752
3.44602 71288
3.46602 71824
3.48502 72360
3.50402 72896
3.52302 73432
3.5401 73968
3.55902 74504
3.57802 75040
3.59702 75576
3.61702 76112
3.63602 76648
3.65502 77184
3.67402 77720
3.69302 78256
3.71002 78792
3.72902 79328
3.74802 79864
3.76802 80400
3.78702 80936
3.80602 81472
3.82502 82008
3.84402 82544
3.8611 83080
3.88002 83616
3.89902 84152
3.91802 84688
3.94502 85224
3.95702 85760
3.97602 86296
3.99502 86832
4.0121 87368
4.03102 87904
4.05002 88440
4.06902 88976
4.08902 89512
4.10802 90048
4.12702 90584
4.14602 91120
4.16502 91656
4.18202 92192
4.20102 92728
4.22002 93264
4.22903 93264
4.22903 92728
4.22913 92393
4.23103 92226
4.23113 92058
4.23123 91891
4.23303 91723
4.23313 91556
4.23403 91388
4.23503 91221
4.23603 91053
4.23703 90886
4.23803 90718
4.23903 90551
4.24003 90383
4.24103 90216
4.24203 90048
4.24303 89881
4.24403 89713
4.24503 89546
4.24603 89378
4.24703 89211
4.24803 89043
4.24813 88876
4.24903 88708
4.25003 88541
4.25103 88373
4.25203 88206
4.25303 88038
4.25403 87871
4.25503 87703
4.25603 87536
4.25703 87368
4.25803 87201
4.25903 87033
4.26003 86866
4.26103 86698
4.26203 86531
4.26303 86363
4.26403 86196
4.26503 86028
4.26513 85861
4.26603 85693
4.26703 85526
4.26803 85358
4.26903 85191
4.27003 85023
4.27103 84856
4.27203 84688
4.27303 84521
4.27403 84353
4.27503 84186
4.27603 84018
4.28403 83851
4.28413 83683
4.28423 83516
4.28433 83348
4.28442 83181
4.28452 83013
4.28462 82846
4.28472 82678
4.28503 82511
4.28513 82343
4.28603 82176
4.28703 82008
4.28803 81841
4.28903 81673
4.29003 81506
4.29103 81338
4.29203 81171
4.29303 81003
4.29403 80836
4.29503 80668
4.29603 80501
4.29703 80333
4.29803 80166
4.29813 79998
4.29903 79831
4.30003 79663
4.30103 79496
4.30203 79328
4.31003 79161
4.31013 78993
4.31023 78826
4.31033 78658
4.31042 78491
4.31052 78323
4.31062 78156
4.31103 77988
4.31113 77821
4.31203 77653
4.31303 77486
4.31403 77318
4.31503 77151
4.31513 76983
4.31603 76816
4.31703 76648
4.31803 76481
4.31903 76313
4.32003 76146
4.32103 75978
4.32203 75811
4.32303 75643
4.32403 75476
4.32503 75308
4.32604 75141
4.32704 74973
4.32804 74270
4.32904 74102
4.33004 73935
4.33104 73767
4.33204 73600
4.33215 73432
4.33304 73265
4.33404 73097
4.33504 72930
4.33604 72762
4.33704 72595
4.33804 72427
4.33904 72260
4.34004 72092
4.34104 71925
4.34204 71757
4.34304 71590
4.34404 70896
4.34504 70360
4.34604 69824
4.34704 69288
4.34804 68752
4.34904 68216
4.34915 67680
4.35004 67144
4.35104 66608
4.35204 66072
4.35304 65536
4.35404 65000
4.35504 64856
4.35604 64464
4.37805 63928
4.42817 64856
4.42828 64464
4.45603 64856
4.48802 65392
4.52502 65928
4.55702 66464
4.59102 67000
4.62902 67536
4.67002 68072
4.71002 68608
4.74802 69144
4.78902 69680
4.82902 70216
4.87002 70752
4.91202 71288
5.04723 71288
5.04723 50384
5.04733 49848
5.04752 49312
5.04762 48776
5.04772 48240
5.04782 47704
5.04792 47168
5.04802 46632
5.04812 46096
5.04822 45560
5.04832 45024
5.04842 44488
5.04852 43952
5.04862 43416
5.04871 42880
5.04881 42344
5.04891 41808
5.04901 41272
5.04911 40736
5.04921 40200
5.04931 39664
5.04941 39128
5.04951 38592
5.04961 38056
5.04971 37520
5.04981 36984
5.0499 36448
5.05 35912
5.0501 35376
5.0502 34840
5.0503 34304
5.0504 33768
5.0505 33232
5.0506 32696
5.0507 32160
5.0508 31624
5.0509 31088
5.051 30552
5.0511 30016
5.05119 29480
5.05129 28944
5.05139 28408
5.05149 27872
5.05159 27336
5.05169 26800
5.05179 26264
5.05189 25728
5.05199 25192
5.05209 24656
5.05219 24120
5.05229 23584
5.05238 23048
5.05248 22512
5.05258 21976
5.05268 21440
5.05278 20904
5.05288 20368
5.05298 19832
5.05308 19296
5.05318 18760
5.05328 18224
5.05338 17688
5.05348 17152
5.05358 16616
5.05367 16080
5.05377 15544
5.05387 15008
5.05397 14472
5.05407 13936
5.05417 13400
5.05427 12864
5.05437 12328
5.05447 11792
5.05457 11256
5.05467 10720
5.05477 10184
5.05486 9648
5.05496 9112
5.05506 8576
5.05516 8040
5.05526 7504
5.05536 6968
5.05546 6432
5.05556 5896
5.05566 5360
5.05576 4824
5.05586 4288
5.05596 3752
5.05606 3216
5.05615 2680
5.05625 2144
5.05635 1608
5.05645 1072
5.10402 49848
5.10402 50384
5.16602 50920
5.27823 50920
5.27823 39128
5.27833 38975
5.27842 38899
5.27852 38822
5.27862 38746
5.27872 38669
5.27882 38592
5.27892 35376
5.27912 34840
5.27922 34304
5.27932 33768
5.27942 33232
5.27952 32696
5.27962 32160
5.27971 31624
5.27981 31088
5.27991 30552
5.28001 30016
5.28011 29480
5.28021 28944
5.28031 28408
5.28041 27872
5.28051 27336
5.28061 26800
5.28071 26264
5.28081 25728
5.2809 25192
5.281 24656
5.2811 24120
5.2812 23584
5.2813 23048
5.2814 22512
5.2815 21976
5.2816 21440
5.2817 20904
5.2818 20368
5.2819 19832
5.282 19296
5.2821 18760
5.28219 18224
5.28229 17688
5.28239 17152
5.28249 16616
5.28259 16080
5.28269 15544
5.28279 15008
5.28289 14472
5.28299 13936
5.28309 13400
5.28319 12864
5.28329 12328
5.28338 11792
5.28348 11256
5.28358 10720
5.28368 10184
5.28378 9648
5.28388 9112
5.28398 8576
5.28408 8040
5.28418 7504
5.28428 6968
5.28438 6432
5.28448 5896
5.28458 5360
5.28467 4824
5.28477 4288
5.28487 3752
5.28497 3216
5.28507 2680
5.28517 2144
5.28527 1608
5.28537 1072
5.33503 35376
5.33511 35912
5.43502 36448
5.55423 36448
5.55423 35912
5.55433 35560
5.55442 35384
5.55452 35208
5.55462 35032
5.55472 34856
5.55503 34680
5.55513 34504
5.55523 34327
5.55533 34151
5.55542 33975
5.55552 33799
5.55562 33623
5.55572 33447
5.55582 33271
5.55603 33095
5.55613 32919
5.55623 32742
5.55633 32566
5.55642 32390
5.55652 32214
5.55662 32038
5.55672 31862
5.55703 31686
5.55713 31510
5.55723 31334
5.55733 31157
5.55742 30981
5.55752 30805
5.55762 30629
5.55772 30453
5.55782 30277
5.55803 30101
5.55813 29925
5.55823 29748
5.55833 29572
5.55842 29396
5.55852 29220
5.55862 29044
5.55872 28868
5.55882 28692
5.55903 28516
5.55913 28340
5.55923 28163
5.55933 27987
5.55942 27811
5.55952 27635
5.55962 27459
5.55972 27283
5.56003 27107
5.56013 26931
5.56023 26755
5.56033 26578
5.56042 26402
5.56052 26226
5.56062 25192
5.61021 25728
5.66602 26264
5.76302 26800
5.91623 26800
5.91623 26264
5.91633 25914
5.91642 25739
5.91652 25564
5.91662 25388
5.91672 25213
5.91682 25038
5.91692 24863
5.91702 24687
5.91712 24512
5.91722 24337
5.91732 24162
5.91742 23986
5.91752 23811
5.91762 23636
5.91771 23461
5.91781 23286
5.91791 23110
5.91801 22935
5.91811 22760
5.91821 22585
5.91831 22409
5.91841 22234
5.91851 22059
5.91861 21884
5.91871 21708
5.91881 21533
5.9189 21358
5.919 21183
5.9191 21008
5.9192 20832
5.9193 20657
5.9194 20482
5.9195 20307
5.9196 20131
5.9197 19956
5.9198 19781
5.9199 18760
5.97221 19296
6.08602 19832
6.24723 19832
6.24723 11792
6.24742 11256
6.24752 10720
6.24762 10184
6.24772 9648
6.24782 9112
6.24792 8576
6.24802 8040
6.24812 7504
6.24822 6968
6.24832 6432
6.24842 5896
6.24852 5360
6.24862 4824
6.24871 4288
6.24881 3752
6.24891 3216
6.24901 2680
6.24911 2144
6.24921 1608
6.24931 1072
6.30402 13400
6.30402 13936
6.43302 14472
6.56902 15008
6.74723 15008
6.74723 14472
6.74733 14079
6.74742 13883
6.80303 13686
6.80313 13490
6.80323 13293
6.80333 13097
6.80342 12900
6.80352 12704
6.91004 12507
6.91015 12311
6.91026 11578
6.91038 11382
6.91049 11185
6.9106 10184
6.91203 9648
6.91213 9112
6.91223 8576
6.91233 8040
6.96903 7504
6.97002 10184
6.97002 10720
7.23923 10720
7.23923 10184
7.23933 9795
7.23942 9600
7.23952 9405
7.23962 9210
7.23972 9015
7.23982 8820
7.23992 8625
7.24002 8430
7.24012 7504
7.29521 8040
7.52702 8576
7.88902 9112
10.596 9648
10.937 10184
11.162 10720
11.389 11256
11.558 11792
11.671 12328
11.794 12864
11.911 13400
12.02 13936
12.123 14472
12.236 15008
12.304 15544
12.405 16080
12.469 16616
12.574 17152
12.63 17688
12.687 18224
12.754 18760
12.819 19296
12.881 19832
12.969 20368
13.025 20904
13.082 21440
13.138 21976
13.1651 22512
13.218 23048
13.271 23584
13.323 24120
13.367 24656
13.421 25192
13.478 25728
13.507 26264
13.553 26800
13.594 27336
13.647 27872
13.68 28408
13.722 28944
13.761 29480
13.801 30016
13.839 30552
13.877 31088
13.9151 31624
13.988 32160
13.9894 32696
14.044 33232
14.063 33768
14.097 34304
14.131 34840
14.165 35376
14.199 35912
14.233 36448
14.265 36984
14.296 37520
14.328 38056
14.36 38592
14.392 39128
14.422 39664
14.452 40200
14.484 40736
14.513 41272
14.541 41808
14.571 42344
14.6 42880
14.628 43416
14.656 43952
14.683 44488
14.711 45024
14.739 45560
14.766 46096
14.792 46632
14.819 47168
14.873 47704
14.902 48240
14.945 48776
14.973 49312
15 49848
15.032 50384
15.06 50920
15.089 51456
15.119 51992
15.143 52528
15.166 53064
15.187 53600
15.213 54136
15.236 54672
15.26 55208
15.3762 55208
15.3762 54672
15.3763 54336
15.3764 54167
15.3765 53999
15.3766 53830
15.3767 53662
15.3768 53493
15.3769 53325
15.377 53156
15.3771 52988
15.3772 52819
15.3773 52651
15.3774 52483
15.3775 52314
15.3776 52146
15.3777 51977
15.3778 51809
15.3779 51640
15.378 51472
15.3781 51303
15.3782 51135
15.3783 50966
15.3784 50798
15.3785 50630
15.3786 50461
15.3787 50293
15.3788 50124
15.3789 49956
15.379 49787
15.3791 49619
15.3792 49450
15.3793 49282
15.3794 49113
15.3795 48945
15.3796 48776
15.3797 48608
15.3798 48440
15.3799 48271
15.38 48103
15.3801 47934
15.3802 47766
15.3803 47597
15.3804 47429
15.3805 47260
15.3806 47092
15.3807 46923
15.3808 46755
15.3809 46587
15.381 46418
15.3811 46250
15.3812 46081
15.3813 45913
15.3814 45744
15.3815 45576
15.3816 45407
15.3817 45239
15.3818 45070
15.3819 44902
15.382 44734
15.3821 44565
15.3822 44397
15.3823 44228
15.3824 44060
15.3825 43891
15.3826 43723
15.3827 43554
15.3828 43386
15.3829 43217
15.383 43049
15.3831 42880
15.3832 42712
15.3833 42544
15.3834 42375
15.3835 42207
15.3836 42038
15.3837 41870
15.3838 41701
15.3839 41533
15.384 41364
15.3841 41196
15.3842 41027
15.3843 40859
15.3844 40691
15.3845 40522
15.3846 40354
15.3847 40185
15.3848 40017
15.3849 39848
15.385 39680
15.3851 39511
15.3852 38592
15.4323 39128
15.4324 39664
15.4973 40200
15.564 40736
15.622 41272
15.673 41808
15.711 42344
15.783 42880
15.824 43416
15.898 43952
15.938 44488
16.0151 45024
16.085 45560
16.136 46096
16.2171 46632
16.294 47168
16.34 47704
16.4343 48240
16.51 48776
16.595 49312
16.7482 49312
16.7482 48776
16.7483 48434
16.7484 48263
16.7485 48092
16.7486 47921
16.7487 47750
16.7488 47579
16.7489 47408
16.749 47237
16.7491 47066
16.7492 46895
16.7493 46724
16.7494 46553
16.7495 46382
16.7496 46211
16.7497 46039
16.7498 45868
16.7499 45697
16.75 45526
16.7501 45355
16.7502 45184
16.848 45013
16.8482 44842
16.8483 44135
16.8484 43964
16.8485 43793
16.8486 43622
16.8487 43451
16.8488 43280
16.8489 43109
16.849 42938
16.8492 42766
16.8493 42595
16.8494 42424
16.8495 42253
16.8496 42082
16.8497 41911
16.8498 41740
16.8499 41569
16.8501 41398
16.8502 41227
16.8503 41056
16.8504 40885
16.8505 40714
16.8506 40543
16.8507 40372
16.8508 40200
16.851 40029
16.8511 39858
16.8512 39687
16.8513 39516
16.8514 39345
16.8515 39174
16.8516 39003
16.8517 38832
16.8518 38661
16.852 38490
16.8521 38319
16.8522 38148
16.8523 37977
16.8524 37806
16.8525 37635
16.8526 37463
16.8527 37292
16.8529 37121
16.853 36950
16.8531 36779
16.8532 36608
16.8533 36437
16.8534 36266
16.8535 36095
16.8536 35924
16.8538 35753
16.8539 35582
16.854 35411
16.8541 35240
16.8542 34304
16.9051 34840
16.931 35376
17.016 35912
17.104 36448
17.219 36984
17.3852 36984
17.3852 36448
17.3853 36101
17.3854 35928
17.3855 35754
17.3856 35580
17.3857 35407
17.3858 35233
17.3859 35059
17.386 34886
17.3861 34712
17.3862 34539
17.3863 34365
17.3864 34191
17.3865 34018
17.3866 33844
17.3867 33670
17.3868 33497
17.3869 33323
17.387 33149
17.3871 32976
17.3872 32802
17.3873 32629
17.3874 32455
17.3875 32281
17.3876 32108
17.3877 31934
17.3878 31760
17.3879 31587
17.388 31413
17.3881 31239
17.3882 31066
17.3883 30892
17.3884 30719
17.3885 30545
17.3886 30371
17.3887 30198
17.3888 30024
17.3889 29850
17.389 29677
17.3891 29503
17.3892 29330
17.3893 29156
17.3894 28982
17.3895 28809
17.3896 28635
17.3897 28461
17.3898 28288
17.3899 28114
17.39 27940
17.3901 27767
17.3902 27593
17.3903 27420
17.3904 27246
17.3905 27072
17.3906 26899
17.3907 26725
17.3908 25728
17.4412 26264
17.498 26800
17.611 27336
17.8112 27336
17.8112 26264
17.8113 25900
17.8114 25718
17.8115 25536
17.8116 25354
17.8117 25172
17.8118 24990
17.8119 24808
17.812 24626
17.8121 24444
17.8122 24262
17.8123 24080
17.8124 23898
17.8125 23716
17.8126 23534
17.8127 23352
17.8128 23170
17.8129 22988
17.813 22806
17.8131 22624
17.8132 22442
17.8133 22260
17.8134 22078
17.8135 21896
17.8136 21714
17.8137 21532
17.8138 21349
17.8139 21167
17.814 20985
17.8141 20803
17.8142 20621
17.8143 20439
17.8144 20257
17.8145 20075
17.948 19893
17.9482 19711
17.9483 18760
17.9498 17688
17.9499 17152
17.95 16616
17.9501 16080
17.9502 15544
17.9503 15008
17.9504 14472
17.9505 13936
17.9506 13400
17.9507 12864
17.9508 12328
17.9509 11792
17.951 11256
17.9511 10720
17.9512 10184
17.9513 9648
17.9514 9112
17.9515 8576
17.9516 8040
17.9517 7504
18.004 6968
18.3193 6432
18.3753 6968
18.5453 6432
18.6453 5896
18.6455 6432
18.7013 6968
18.8053 6432
18.8613 6968
18.9496 6968
18.9496 536
19.006 65392
20.006 65392
20.006 536
20.318 1072
20.375 2144
20.432 3216
20.4321 4288
20.489 5360
20.4891 6432
20.4892 7504
20.4893 8576
20.546 9648
20.5461 10720
20.5462 11792
20.5463 12864
20.548 13936
20.55 15008
20.552 16080
20.554 17152
20.603 18224
20.6031 19296
20.6032 20368
20.6033 21440
20.605 22512
20.607 23584
20.609 24656
20.611 25728
20.613 26800
20.6131 27872
20.615 28944
20.617 30016
20.619 31088
20.622 32160
20.636 33232
20.6361 34304
20.66 35376
20.6601 36448
20.6602 37520
20.6603 38592
20.662 39664
20.664 40736
20.666 41808
20.668 42880
20.67 43952
20.6701 45024
20.672 46096
20.674 46632
20.676 47168
20.679 47704
20.681 48240
20.683 48776
20.685 49312
20.687 49848
20.6871 50384
20.689 50920
20.691 51456
20.702 51992
20.7191 52528
20.738 53064
20.757 53600
20.776 54136
20.796 54672
20.815 55208
20.834 55744
20.853 56280
20.872 56816
20.8891 57352
20.908 57888
20.927 58424
20.947 58960
20.966 59496
20.985 60032
21.0287 60568
21.0296 61104
21.0401 61640
21.059 62176
21.078 62712
21.097 63248
21.1192 63784
21.136 64320
21.155 64856
21.174 65392
21.1984 65928
21.21 66464
21.229 67000
21.248 67536
21.268 68072
21.287 68608
21.306 69144
21.325 69680
21.344 70216
21.3611 70752
21.38 71288
21.399 71824
21.4231 72360
21.438 72896
21.457 73432
21.476 73968
21.495 74504
21.5121 75040
21.531 75576
21.55 76112
21.569 76648
21.589 77184
21.608 77720
21.627 78256
21.646 78792
21.6631 79328
21.682 79864
21.701 80400
21.72 80936
21.74 81472
21.758 82008
21.778 82544
21.797 83080
21.816 83616
21.8331 84152
21.852 84688
21.871 85224
21.891 85760
21.91 86296
21.929 86832
21.948 87368
21.967 87904
21.9841 88440
22.003 88976
22.022 89512
22.041 90048
22.061 90584
22.08 91120
22.099 91656
22.118 92192
22.1351 92728
22.152 92728
22.152 92192
22.1521 91862
22.1522 91696
22.154 91531
22.1541 91366
22.156 91200
22.1561 91035
22.157 90869
22.158 90704
22.159 90539
22.16 90373
22.161 90208
22.162 90042
22.163 89877
22.164 89712
22.165 89546
22.166 89381
22.167 89215
22.168 89050
22.169 88885
22.1691 88719
22.17 88554
22.171 88388
22.172 88223
22.173 88058
22.174 87892
22.175 87727
22.176 87561
22.177 87396
22.178 87231
22.179 87065
22.18 86900
22.181 86734
22.182 86569
22.183 86404
22.184 86238
22.185 86073
22.186 85908
22.1861 85742
22.187 85577
22.188 85411
22.189 85246
22.19 85081
22.191 84915
22.192 84750
22.193 84584
22.194 84419
22.195 84254
22.196 84088
22.197 83923
22.198 83757
22.199 83592
22.2 83427
22.201 83261
22.202 83096
22.203 82930
22.2031 82765
22.204 82600
22.205 82434
22.206 82269
22.207 82103
22.208 81938
22.209 81773
22.21 81607
22.211 81442
22.212 81276
22.213 81111
22.214 80946
22.215 80780
22.216 80615
22.217 80450
22.218 80284
22.219 80119
22.22 79953
22.2201 79788
22.221 79623
22.222 79457
22.223 79292
22.224 79126
22.225 78961
22.226 78796
22.227 78630
22.228 78465
22.229 78299
22.23 78134
22.231 77969
22.232 77803
22.233 77638
22.234 77472
22.235 77307
22.236 77142
22.2361 76976
22.237 76811
22.238 76645
22.239 76480
22.24 76315
22.248 76149
22.2481 75984
22.2482 75818
22.2483 75653
22.2484 75488
22.2485 75322
22.2486 75157
22.249 74991
22.2491 74826
22.25 74661
22.251 73959
22.252 73794
22.253 73629
22.2532 73463
22.254 73298
22.255 73132
22.256 72967
22.257 72802
22.258 72636
22.259 72471
22.26 72305
22.261 72140
22.262 71975
22.263 71809
22.264 71644
22.265 71478
22.266 71313
22.267 70400
22.268 69864
22.269 69328
22.27 68792
22.2702 68256
22.271 67720
22.272 67184
22.273 66648
22.274 66112
22.275 65576
22.276 65040
22.277 64856
22.278 64504
22.3011 63968
22.311 64856
22.312 64504
22.378 64856
22.411 65392
22.4484 65928
22.488 66464
22.526 67000
22.566 67536
22.604 68072
22.645 68608
22.683 69144
22.724 69680
22.766 70216
22.804 70752
22.847 71288
22.887 71824
22.93 72360
22.972 72896
23.015 73432
23.057 73968
23.102 74504
23.144 75040
23.1871 75576
23.232 76112
23.276 76648
23.321 77184
23.366 77720
23.41 78256
23.457 78792
23.504 79328
23.557 79864
23.614 80400
23.665 80936
23.733 81472
23.784 82008
23.857 82544
23.927 83080
23.978 83616
24.05 84152
24.125 84688
24.1991 85224
24.273 85760
24.35 86296
24.424 86832
24.503 87368
24.595 87904
24.603 87904
24.603 87368
24.6031 87033
24.6032 86865
24.605 86697
24.6051 86529
24.607 86361
24.6071 86193
24.608 86025
24.609 85857
24.61 85689
24.611 85522
24.612 85354
24.613 85186
24.614 85018
24.615 84850
24.616 84682
24.617 84514
24.618 84346
24.619 84178
24.62 84010
24.6201 83843
24.621 83675
24.622 83507
24.623 83339
24.624 83171
24.625 83003
24.626 82835
24.627 82667
24.628 82499
24.629 82331
24.63 82163
24.631 81996
24.632 81828
24.633 81660
24.634 81492
24.635 81324
24.636 81156
24.637 80988
24.6371 80820
24.638 80652
24.639 80484
24.64 80317
24.641 80149
24.642 79981
24.643 79813
24.644 79645
24.645 79477
24.646 79309
24.647 79141
24.648 78973
24.649 78805
24.65 78638
24.651 78470
24.652 78302
24.653 78134
24.654 77966
24.6541 77798
24.655 77630
24.656 77462
24.657 77294
24.658 77126
24.659 76958
24.66 76791
24.661 76623
24.662 76455
24.663 76287
24.664 76119
24.665 75951
24.666 75783
24.667 75615
24.668 75447
24.669 75279
24.67 75112
24.671 74944
24.6711 74776
24.672 74608
24.673 74440
24.674 74272
24.675 74104
24.676 73936
24.677 73768
24.678 73600
24.679 73432
24.68 73265
24.681 73097
24.682 72929
24.683 72761
24.684 72593
24.685 72425
24.686 72257
24.687 72089
24.6871 71921
24.688 71753
24.689 71586
24.69 71418
24.691 71250
24.692 71082
24.693 70914
24.694 70746
24.695 70578
24.696 70410
24.697 70242
24.698 70074
24.699 69907
24.7 69739
24.701 69571
24.702 68867
24.703 68699
24.704 68531
24.7042 68363
24.705 68195
24.706 68027
24.707 67859
24.708 67691
24.709 67524
24.71 67356
24.711 67188
24.712 67020
24.713 66852
24.714 66684
24.715 66516
24.716 66348
24.717 66180
24.718 66012
24.719 65845
24.72 65677
24.721 65509
24.7212 65341
24.722 65173
24.723 65005
24.724 64837
24.725 64072
24.726 63536
24.727 63000
24.728 62464
24.729 61928
24.73 61392
24.731 61104
24.732 60856
24.7521 60320
24.754 61104
24.755 60856
24.822 61104
24.8221 60856
24.855 61104
24.855 61640
24.904 62176
24.962 62712
25.019 63248
25.081 63784
25.142 64320
25.204 64856
25.274 65392
25.344 65928
25.417 66464
25.4911 67000
25.572 67536
25.657 68072
25.729 68608
25.84 69144
25.9172 69680
26.035 70216
26.159 70752
26.2821 71288
26.41 71824
26.5351 72360
26.663 72896
26.807 73432
27.054 73968
27.407 74504
28.2332 74504
28.2332 73968
28.2333 73634
28.2334 73467
28.2335 73299
28.2336 73132
28.2337 72965
28.2338 72798
28.2339 72630
28.234 72463
28.2341 72296
28.2342 72129
28.2343 71961
28.2344 71794
28.2345 71627
28.2346 71460
28.2347 71292
28.2348 71125
28.2349 70958
28.235 70791
28.2351 70623
28.2352 70456
28.2353 70289
28.2354 70121
28.2355 69954
28.2356 69787
28.2357 69620
28.2358 69452
28.2359 69285
28.236 69118
28.2361 68951
28.2362 68783
28.2363 68616
28.2364 68449
28.2365 68282
28.2366 68114
28.2367 67947
28.2368 67780
28.2369 67613
28.237 67445
28.2371 67278
28.2372 67111
28.2373 66943
28.2374 66776
28.2375 66609
28.2376 66442
28.2377 66274
28.2378 66107
28.2379 65940
28.238 65773
28.2381 65605
28.2382 65438
28.2383 65271
28.2384 65104
28.2385 64936
28.2386 64769
28.2387 64602
28.2388 64435
28.2389 64267
28.239 64100
28.2391 63933
28.2392 63765
28.2393 63598
28.2394 63431
28.2395 63264
28.2396 63096
28.2397 62929
28.2398 62762
28.2399 62595
28.24 62427
28.2401 62260
28.2402 62093
28.2403 61926
28.2404 61758
28.2405 61591
28.2406 61424
28.2407 61257
28.2408 61089
28.2409 60922
28.241 60755
28.2411 60588
28.2412 60420
28.2413 60253
28.2414 60086
28.2415 59918
28.2416 59751
28.2417 59584
28.2418 59417
28.2419 59249
28.242 59082
28.2421 58915
28.2422 58748
28.2423 58580
28.2424 58413
28.2425 58246
28.2426 58079
28.2427 57911
28.2427 57744
28.2428 57577
28.2429 57410
28.243 57242
28.2431 57075
28.2432 56908
28.2433 56740
28.2434 56573
28.2435 56406
28.2436 56239
28.2437 56071
28.2438 55904
28.2439 55737
28.244 55570
28.2441 55402
28.2442 55235
28.2443 55068
28.2444 54901
28.2445 54733
28.2446 54566
28.2447 54399
28.2448 54232
28.2449 54064
28.245 53897
28.2451 53730
28.2452 53562
28.2453 53395
28.2454 53228
28.2455 53061
28.246 51992
28.2893 52528
28.2894 53064
28.306 53600
28.345 54136
28.385 54672
28.4962 54672
28.4962 54136
28.4963 53796
28.4964 53626
28.4965 53456
28.4966 53286
28.4967 53116
28.4968 52946
28.4969 52776
28.497 52606
28.4971 52436
28.4972 52266
28.4973 52096
28.4974 51925
28.4975 51755
28.4976 51585
28.4977 51415
28.4978 51245
28.4979 51075
28.498 50905
28.4981 50735
28.4982 50565
28.4983 50395
28.4984 50225
28.4985 50055
28.4986 49885
28.4987 49714
28.4988 49544
28.4989 49374
28.499 49204
28.4991 49034
28.4992 48864
28.4993 48694
28.4994 48524
28.4995 48354
28.4996 48184
28.4997 48014
28.4998 47844
28.4999 47674
28.5 47503
28.5001 47333
28.5002 47163
28.5003 46993
28.5004 46823
28.5005 46653
28.5006 46483
28.5007 46313
28.5008 46143
28.5009 45973
28.501 45803
28.5011 45633
28.5012 45463
28.5013 45292
28.5014 45122
28.5015 44952
28.5016 44782
28.5017 44612
28.5018 44442
28.5019 44272
28.502 44102
28.5021 43932
28.5022 43762
28.5023 43592
28.5024 43422
28.5025 43252
28.5026 43081
28.5027 42911
28.5028 42741
28.5029 42571
28.503 42401
28.5031 42231
28.5032 42061
28.5033 41891
28.5034 41721
28.5035 41551
28.5036 41381
28.5037 41211
28.5038 41041
28.5039 40870
28.504 40700
28.5041 40530
28.5042 40360
28.5043 40190
28.5044 40020
28.5045 39850
28.5046 39680
28.5047 39510
28.5048 39340
28.5049 39170
28.505 39000
28.5051 38056
28.5522 38592
28.568 39128
28.649 39664
28.732 40200
28.8872 40200
28.8872 39664
28.8873 39316
28.8874 39142
28.8875 38968
28.8876 38794
28.8877 38620
28.8878 38446
28.8879 38272
28.888 38098
28.8881 37924
28.8882 37750
28.8883 37576
28.8884 37402
28.8885 37228
28.8886 37054
28.8887 36880
28.8888 36706
28.8889 36532
28.889 36358
28.8891 36184
28.8892 36010
28.8893 35836
28.8894 35662
28.8895 35488
28.8896 35314
28.8897 35140
28.8898 34966
28.8899 34792
28.89 34618
28.8901 34444
28.8902 34270
28.8903 34096
28.8904 33922
28.8905 33748
28.8906 33574
28.8907 33400
28.8908 33226
28.8909 33052
28.891 32877
28.8911 32703
28.8912 32529
28.8913 32355
28.8914 32181
28.8915 32007
28.8916 31833
28.8917 31659
28.8918 31485
28.8919 31311
28.892 31137
28.8921 30963
28.8922 30789
28.8923 30615
28.8924 30441
28.8925 30267
28.8926 30093
28.8927 29919
28.8928 29745
28.8929 29571
28.893 29397
28.8931 29223
28.8932 29049
28.8933 28875
28.8934 27872
28.9432 28408
28.979 28944
29.097 29480
29.192 30016
29.335 30552
29.443 31088
29.6112 31088
29.6112 8040
29.6114 7504
29.6115 6968
29.6116 6432
29.6117 5896
29.6118 5360
29.6119 4824
29.612 4288
29.6121 3752
29.6122 3216
29.6123 2680
29.6124 2144
29.6125 1608
29.6126 1072
29.668 21440
29.668 21976
29.724 22512
30.7582 22512
30.7582 536
31.815 536
31.927 1072
31.984 1608
32.041 2144
32.097 2680
32.0971 3216
32.154 3752
32.1541 4288
32.1542 4824
32.211 5360
32.2111 5896
32.2112 6432
32.2113 6968
32.267 7504
32.2671 8040
32.2672 8576
32.2673 9112
32.269 9648
32.271 10184
32.348 10720
32.3481 11256
32.3482 11792
32.3483 12328
32.3484 12864
32.3484 13400
32.3485 13936
32.3486 14472
32.3487 15008
32.404 15544
32.4041 16080
32.4042 16616
32.4043 17152
32.406 17688
32.408 18224
32.41 18760
32.412 19296
32.414 19832
32.4141 20368
32.416 20904
32.418 21440
32.42 21976
32.423 22512
32.461 23048
32.4611 23584
32.4612 24120
32.4613 24656
32.463 25192
32.465 25728
32.467 26264
32.469 26800
32.471 27336
32.4711 27872
32.473 28408
32.475 28944
32.477 29480
32.48 30016
32.482 30552
32.484 31088
32.486 31624
32.488 32160
32.4881 32696
32.49 33232
32.492 33768
32.518 34304
32.5181 34840
32.5281 35376
32.547 35912
32.566 36448
32.5901 36984
32.605 37520
32.624 38056
32.643 38592
32.662 39128
32.6791 39664
32.698 40200
32.717 40736
32.736 41272
32.756 41808
32.775 42344
32.794 42880
32.813 43416
32.8301 43952
32.849 44488
32.868 45024
32.887 45560
32.907 46096
32.926 46632
32.945 47168
32.964 47704
32.983 48240
33.0001 48776
33.019 49312
33.038 49848
33.058 50384
33.077 50920
33.096 51456
33.115 51992
33.134 52528
33.1511 53064
33.17 53600
33.189 54136
33.208 54672
33.228 55208
33.247 55744
33.266 56280
33.285 56816
33.3021 57352
33.321 57888
33.34 58424
33.359 58960
33.379 59496
33.398 60032
33.417 60568
33.436 61104
33.455 61640
33.4721 62176
33.491 62712
33.51 63248
33.53 63784
33.549 64320
33.568 64856
33.587 65392
33.606 65928
33.6231 66464
33.642 67000
33.661 67536
33.68 68072
33.7 68608
33.719 69144
33.738 69680
33.757 70216
33.7741 70752
33.793 71288
33.812 71824
33.8681 72360
33.8694 72896
33.8705 73432
33.889 73968
33.908 74504
33.927 75040
33.9441 75576
33.963 76112
33.982 76648
34.002 77184
34.021 77720
34.04 78256
34.059 78792
34.078 79328
34.0951 79864
34.114 80400
34.133 80936
34.152 81472
34.172 82008
34.191 82544
34.21 83080
34.229 83616
34.2461 84152
34.265 84688
34.284 85224
34.303 85760
34.323 86296
34.3411 86832
34.361 87368
34.38 87904
34.399 88440
34.4161 88976
34.435 89512
34.454 90048
34.474 90584
34.493 91120
34.512 91656
34.531 92192
34.55 92728
34.5671 93264
34.586 93800
34.591 93800
34.591 93264
34.593 92931
34.5931 92765
34.595 92598
34.5951 92432
34.596 92265
34.597 92099
34.598 91932
34.599 91766
34.6 91599
34.6001 91432
34.601 91266
34.602 91099
34.603 90933
34.604 90766
34.605 90600
34.606 90433
34.607 90267
34.608 90100
34.609 89933
34.61 89767
34.611 89600
34.612 89434
34.613 89267
34.614 89101
34.615 88934
34.616 88768
34.617 88601
34.6171 88434
34.618 88268
34.619 88101
34.62 87935
34.621 87768
34.622 87602
34.623 87435
34.624 87269
34.625 87102
34.626 86935
34.627 86769
34.628 86602
34.629 86436
34.63 86269
34.631 86103
34.632 85936
34.633 85770
34.634 85603
34.6341 85436
34.635 85270
34.636 85103
34.637 84937
34.638 84770
34.639 84604
34.64 84437
34.641 84271
34.642 84104
34.643 83937
34.644 83771
34.645 83604
34.646 83438
34.647 83271
34.648 83105
34.649 82938
34.65 82772
34.651 82605
34.6511 82439
34.652 82272
34.653 82105
34.654 81939
34.655 81772
34.656 81606
34.657 81439
34.658 81273
34.659 81106
34.66 80940
34.661 80773
34.662 80606
34.663 80440
34.664 80273
34.665 80107
34.666 79940
34.667 79774
34.668 79607
34.6681 79441
34.669 79274
34.67 79107
34.671 78941
34.672 78774
34.673 78608
34.674 78441
34.675 78275
34.676 78108
34.677 77942
34.678 77775
34.679 77608
34.68 77442
34.681 77275
34.682 77109
34.683 76942
34.684 76776
34.6841 76609
34.685 76443
34.686 76276
34.687 76109
34.688 75943
34.689 75776
34.69 75610
34.691 74907
34.692 74741
34.693 74574
34.694 74408
34.695 74241
34.696 74074
34.697 73908
34.698 73741
34.699 73575
34.7 73408
34.701 73242
34.7012 73075
34.702 72909
34.703 72742
34.704 72576
34.705 72409
34.706 71584
34.707 71048
34.708 70512
34.709 69976
34.71 69440
34.711 68904
34.712 68368
34.713 67832
34.714 67296
34.715 66760
34.716 66224
34.717 65688
34.718 65392
34.7182 65152
34.725 65152
34.7411 64616
34.7532 65152
34.852 65688
34.887 66224
34.921 66760
34.96 67296
34.998 67832
35.036 68368
35.077 68904
35.117 69440
35.157 69976
35.198 70512
35.238 71048
35.279 71584
35.311 72120
35.353 72656
35.396 73192
35.4361 73728
35.481 74264
35.513 74800
35.5551 75336
35.5991 75872
35.644 76408
35.689 76944
35.734 77480
35.778 78016
35.825 78552
35.87 79088
35.914 79624
35.961 80160
36.008 80696
36.061 81232
36.119 81768
36.174 82304
36.238 82840
36.295 83376
36.3631 83912
36.416 84448
36.491 84984
36.565 85520
36.668 86056
36.69 86592
36.767 87128
36.841 87664
36.92 88200
36.937 88200
36.937 87368
36.9371 87033
36.9372 86865
36.939 86697
36.9391 86529
36.941 86361
36.9411 86193
36.942 86025
36.943 85857
36.944 85689
36.945 85522
36.946 85354
36.947 85186
36.948 85018
36.949 84850
36.95 84682
36.951 84514
36.952 84346
36.953 84178
36.9531 84010
36.954 83843
36.955 83675
36.956 83507
36.957 83339
36.958 83171
36.959 83003
36.96 82835
36.961 82667
36.962 82499
36.963 82331
36.964 82163
36.965 81996
36.966 81828
36.967 81660
36.968 81492
36.969 81324
36.97 81156
36.9701 80988
36.971 80820
36.972 80652
36.973 80484
36.974 80317
36.975 80149
36.976 79981
36.977 79813
36.978 79645
36.979 79477
36.98 79309
36.981 79141
36.982 78973
36.983 78805
36.984 78638
36.985 78470
36.986 78302
36.987 78134
36.9871 77966
36.988 77798
36.989 77630
36.99 77462
36.991 77294
36.992 77126
36.993 76958
36.994 76791
36.995 76623
36.996 76455
36.997 76287
36.998 76119
36.999 75951
37 75783
37.001 75615
37.002 75447
37.003 75279
37.004 75112
37.0041 74944
37.005 74776
37.006 74608
37.007 74440
37.008 74272
37.009 74104
37.01 73936
37.011 73768
37.012 73600
37.013 73432
37.014 73265
37.015 73097
37.016 72929
37.017 72761
37.018 72593
37.019 72425
37.02 72257
37.021 72089
37.0211 71921
37.022 71753
37.023 71586
37.024 71418
37.025 71250
37.026 71082
37.027 70914
37.028 70746
37.029 70578
37.03 70410
37.031 70242
37.032 70074
37.033 69907
37.034 69739
37.035 69571
37.036 68867
37.037 68699
37.038 68531
37.0382 68363
37.039 68195
37.04 68027
37.041 67859
37.042 67691
37.043 67524
37.044 67356
37.045 67188
37.046 67020
37.047 66852
37.048 66684
37.049 66516
37.05 66348
37.051 66180
37.052 66012
37.053 65845
37.054 65677
37.0542 65509
37.055 65341
37.056 65173
37.057 65005
37.058 64837
37.059 63784
37.06 63248
37.061 62712
37.062 62176
37.063 61640
37.064 61104
37.0861 60568
37.088 61104
37.1891 61640
37.236 62176
37.293 62712
37.353 63248
37.412 63784
37.476 64320
37.54 64856
37.601 65392
37.676 65928
37.75 66464
37.825 67000
37.895 67536
37.991 68072
38.073 68608
38.173 69144
38.254 69680
38.378 70216
38.501 70752
38.565 71288
38.69 71824
38.815 72360
38.9422 72360
38.9422 71824
38.9423 71488
38.9424 71320
38.9425 71152
38.9426 70983
38.9427 70815
38.9428 70647
38.9429 70479
38.943 70310
38.9431 70142
38.9432 69974
38.9433 69806
38.9434 69637
38.9435 69469
38.9436 69301
38.9437 69133
38.9438 68965
38.9439 68796
38.944 68628
38.9441 68460
38.9442 68292
38.9443 68123
38.9444 67955
38.9445 67787
38.9446 67619
38.9447 67450
38.9448 67282
38.9449 67114
38.945 66946
38.9451 66777
38.9452 66609
38.9453 66441
38.9454 66273
38.9455 66105
38.9456 65936
38.9457 65768
38.9458 65600
38.9459 65432
38.946 65263
38.9461 65095
38.9462 64927
38.9463 64759
38.9464 64590
38.9465 64422
38.9466 64254
38.9467 64086
38.9468 63918
38.9469 63749
38.947 63581
38.9471 63413
38.9472 63245
38.9473 63076
38.9474 62908
38.9475 62740
38.9476 62572
38.9477 62403
38.9478 62235
38.9479 62067
38.948 61899
38.9481 61730
38.9482 61562
38.9483 61394
38.9484 61226
38.9485 61058
38.9486 60889
38.9487 60721
38.9488 60553
38.9489 60385
38.949 60216
38.9491 60048
38.9492 59880
38.9493 59712
38.9494 59543
38.9495 59375
38.9496 59207
38.9497 59039
38.9498 58871
38.9499 58702
38.95 58534
38.9501 58366
38.9502 58198
38.9503 58029
38.9504 57861
38.9505 57693
38.9506 57525
38.9507 57356
38.9508 57188
38.9509 57020
38.951 56852
38.9511 56683
38.9512 56515
38.9513 56347
38.9514 56179
38.9515 56011
38.9516 55842
38.9517 55674
38.9517 55506
38.9518 55338
38.9519 55169
38.952 55001
38.9521 54833
38.9522 54665
38.9523 54496
38.9524 54328
38.9525 54160
38.9526 53992
38.9527 53824
38.9528 53655
38.9529 53487
38.953 53319
38.9531 53151
38.9532 52982
38.9533 52814
38.9534 52646
38.9535 52478
38.9536 52309
38.9537 52141
38.9538 51973
38.9539 51805
38.954 51636
38.9541 51468
38.9542 51300
38.9543 50384
38.9983 50920
39.0261 51456
39.118 51992
39.203 52528
39.256 53064
39.349 53600
39.43 54136
39.5382 54136
39.5382 53600
39.5383 53257
39.5384 53085
39.5385 52914
39.5386 52742
39.5387 52570
39.5388 52398
39.5389 52227
39.539 52055
39.5391 51883
39.5392 51711
39.5393 51540
39.5394 51368
39.5395 51196
39.5396 51025
39.5397 50853
39.5398 50681
39.5399 50509
39.54 50338
39.5401 50166
39.5402 49994
39.5403 49822
39.5404 49651
39.5405 49479
39.5406 49307
39.5407 49136
39.5408 48964
39.5409 48792
39.541 48620
39.5411 48449
39.5412 48277
39.5413 48105
39.5414 47933
39.5415 47762
39.5416 47590
39.5417 47418
39.5418 47247
39.5419 47075
39.542 46903
39.5421 46731
39.5422 46560
39.5423 46388
39.5424 46216
39.5425 46044
39.5426 45873
39.5427 45701
39.5428 45529
39.5429 45358
39.543 45186
39.5431 45014
39.5432 44842
39.5433 44671
39.5434 44499
39.5435 44327
39.5436 44155
39.5437 43984
39.5438 43812
39.5439 43640
39.544 43469
39.5441 43297
39.5442 43125
39.5443 42953
39.5444 42782
39.5445 42610
39.5446 42438
39.5447 42266
39.5448 42095
39.5449 41923
39.545 41751
39.5451 41580
39.5452 41408
39.5453 41236
39.5454 41064
39.5455 40893
39.5456 40721
39.5457 40549
39.5458 40377
39.5459 40206
39.546 40034
39.5461 39862
39.5462 39691
39.5463 39519
39.5464 39347
39.5465 39175
39.5466 39004
39.5467 38832
39.5468 38660
39.5469 38488
39.547 37520
39.5943 38056
39.609 38592
39.693 39128
39.773 39664
39.862 40200
39.956 40736
40.058 41272
40.2092 41272
40.2092 40736
40.2093 40384
40.2094 40207
40.2095 40031
40.2096 39854
40.2097 39678
40.2098 39502
40.2099 39325
40.21 39149
40.2101 38972
40.2102 38796
40.2103 38620
40.2104 38443
40.2105 38267
40.2106 38090
40.2107 37914
40.2108 37738
40.2109 37561
40.211 37385
40.2111 37208
40.2112 37032
40.2113 36856
40.2114 36679
40.2115 36503
40.2116 36326
40.2117 36150
40.2118 35974
40.2119 35797
40.212 35621
40.2121 35444
40.2122 35268
40.2123 35092
40.2124 34915
40.2125 34739
40.2126 34562
40.2127 34386
40.2128 34210
40.2129 34033
40.213 33857
40.2131 33680
40.2132 33504
40.2133 33327
40.2134 33151
40.2135 32975
40.2136 32798
40.2137 32622
40.2138 32445
40.2139 32269
40.214 32093
40.2141 31916
40.2142 31740
40.2143 31563
40.2144 31387
40.2145 31211
40.2146 31034
40.2147 30858
40.2148 30681
40.2149 30505
40.215 30329
40.2151 30152
40.2152 29976
40.2153 29799
40.2154 29623
40.2155 29447
40.2156 28408
40.2652 28944
40.2921 29480
40.393 30016
40.495 30552
40.7072 30552
40.7072 29480
40.7073 29117
40.7074 28935
40.7075 28754
40.7076 28572
40.7077 28390
40.7078 28209
40.708 28027
40.7081 27845
40.7082 27664
40.7083 27482
40.7084 27300
40.7085 27118
40.7086 26937
40.7087 26755
40.7088 26573
40.7089 26392
40.709 26210
40.7091 26028
40.7092 25847
40.7093 25665
40.7094 25483
40.7095 25302
40.7096 25120
40.7097 24938
40.7098 24756
40.7099 24575
40.71 24393
40.7101 24211
40.7102 24030
40.7103 23848
40.7104 23666
40.7105 23485
40.7106 23303
40.7107 23121
40.7108 22939
40.7109 22758
40.711 22576
40.7111 22394
40.7112 22213
40.7113 22031
40.7114 21849
40.7115 20904
40.7633 21440
40.819 21976
40.942 22512
41.169 22512
41.169 21976
41.1692 21611
41.1693 20892
41.17 20710
41.1702 20527
41.1703 20344
41.171 20161
41.1712 19979
41.1713 19796
41.172 19613
41.1722 19430
41.1723 19248
41.173 19065
41.1732 18882
41.1733 18700
41.174 18517
41.1742 18334
41.1743 18151
41.175 17969
41.1752 17786
41.1753 17603
41.176 17420
41.1762 17238
41.1763 17055
41.177 16872
41.1772 16690
41.1773 16507
41.1774 15544
41.2251 16080
41.337 16616
41.4402 16616
41.4402 13400
41.4403 13132
41.4404 12998
41.4405 12864
41.4406 11256
41.4408 10720
41.4409 10184
41.441 9648
41.4411 9112
41.4412 8576
41.4413 8040
41.4414 7504
41.4415 6968
41.4416 6432
41.4417 5896
41.4418 5360
41.54 4824
41.5403 4288
41.5411 11256
41.5962 11792
41.7022 11792
41.7022 8040
41.7024 7504
41.7025 6968
41.703 6432
41.7031 5896
41.7032 5360
41.7033 4824
41.7034 4288
41.7035 3752
41.7036 3216
41.704 2680
41.7041 2144
41.7042 1608
41.7043 1072
41.759 8040
41.759 8576
41.9242 8576
41.9242 2680
41.9244 2144
41.9245 1608
41.9246 1072
41.981 5896
41.981 6432
42.1432 6432
42.1432 2144
42.1434 1608
42.1435 1072
42.2 4288
42.2 4824
43.3136 4824
43.3136 536
43.626 1072
43.683 2144
43.74 3216
43.7401 3752
43.796 4288
43.7961 4824
43.7962 5360
43.7963 5896
43.7964 6432
43.7964 6968
43.7965 7504
43.854 8040
43.911 8576
43.9111 9112
43.9112 9648
43.9113 10184
43.913 10720
43.915 11256
43.917 11792
43.967 12328
43.9671 12864
43.9672 13400
43.9673 13936
43.969 14472
43.971 15008
43.973 15544
43.975 16080
43.977 16616
43.9771 17152
43.979 17688
44.023 18224
44.035 18760
44.1602 19296
44.176 19832
44.22 20368
44.239 20904
44.28 21440
44.299 21976
44.338 22512
44.3551 23048
44.394 23584
44.4111 24120
44.4531 24656
44.467 25192
44.5 25728
44.5191 26264
44.5522 26800
44.568 27336
44.588 27872
44.63 28408
44.6351 28944
44.6652 29480
44.689 30016
44.708 30552
44.727 31088
44.751 31624
44.77 32160
44.7871 32696
44.808 33232
44.827 33768
44.844 34304
44.863 34840
44.882 35376
44.902 35912
44.921 36448
44.94 36984
44.959 37520
44.978 38056
44.9951 38592
45.014 39128
45.033 39664
45.0564 40200
45.072 40736
45.091 41272
45.11 41808
45.129 42344
45.1461 42880
45.165 43416
45.184 43952
45.203 44488
45.223 45024
45.242 45560
45.261 46096
45.28 46632
45.299 47168
45.316 47704
45.335 48240
45.354 48776
45.374 49312
45.393 49848
45.412 50384
45.431 50920
45.45 51456
45.4671 51992
45.486 52528
45.505 53064
45.524 53600
45.544 54136
45.563 54672
45.582 55208
45.601 55744
45.6181 56280
45.637 56816
45.656 57352
45.675 57888
45.695 58424
45.714 58960
45.733 59496
45.752 60032
45.771 60568
45.788 61104
45.807 61640
45.826 62176
45.846 62712
45.865 63248
45.884 63784
45.903 64320
45.9485 64856
45.9494 65392
45.958 65928
45.977 66464
45.996 67000
46.016 67536
46.035 68072
46.054 68608
46.073 69144
46.0901 69680
46.109 70216
46.128 70752
46.147 71288
46.167 71824
46.186 72360
46.205 72896
46.224 73432
46.243 73968
46.26 74504
46.279 75040
46.298 75576
46.318 76112
46.337 76648
46.356 77184
46.375 77720
46.394 78256
46.4111 78792
46.43 79328
46.449 79864
46.468 80400
46.488 80936
46.507 81472
46.526 82008
46.5501 82544
46.5621 83080
46.581 83616
46.6 84152
46.619 84688
46.639 85224
46.658 85760
46.677 86296
46.696 86832
46.715 87368
46.732 87904
46.751 88440
46.77 88976
46.79 89512
46.809 90048
46.828 90584
46.847 91120
46.866 91656
46.8831 92192
46.902 92728
46.921 93264
46.93 93264
46.93 92728
46.9301 92393
46.932 92226
46.9321 92058
46.934 91891
46.9341 91723
46.9342 91556
46.935 91388
46.936 91221
46.937 91053
46.938 90886
46.939 90718
46.94 90551
46.941 90383
46.942 90216
46.943 90048
46.944 89881
46.945 89713
46.946 89546
46.947 89378
46.948 89211
46.949 89043
46.95 88876
46.9501 88708
46.951 88541
46.952 88373
46.953 88206
46.954 88038
46.955 87871
46.963 87703
46.9631 87536
46.9632 87368
46.9633 87201
46.9634 87033
46.968 86866
46.9681 86698
46.9682 86531
46.9683 86363
46.9684 86196
46.9685 86028
46.9686 85861
46.9687 85693
46.969 85526
46.9691 85358
46.97 85191
46.971 85023
46.972 84856
46.973 84688
46.974 84521
46.975 84353
46.976 84186
46.977 84018
46.978 83851
46.979 83683
46.98 83516
46.981 83348
46.982 83181
46.983 83013
46.9831 82846
46.984 82678
46.985 82511
46.986 82343
46.987 82176
46.995 82008
46.9951 81841
46.9952 81673
46.9953 81506
46.9954 81338
46.9955 81171
46.9956 81003
46.996 80836
46.9961 80668
46.997 80501
46.998 80333
46.999 80166
47 79998
47.0001 79831
47.001 79663
47.002 79496
47.003 79328
47.004 79161
47.005 78993
47.006 78826
47.014 78658
47.0141 78491
47.0142 78323
47.0143 78156
47.0144 77988
47.0145 77821
47.0146 77653
47.015 77486
47.0151 77318
47.016 77151
47.017 76983
47.0171 76816
47.018 76648
47.019 76481
47.02 76313
47.021 76146
47.022 75978
47.023 75811
47.024 75643
47.025 75476
47.026 75308
47.027 75141
47.028 74973
47.029 74270
47.03 74102
47.031 73935
47.032 73767
47.033 73600
47.034 73432
47.0342 73265
47.035 73097
47.036 72930
47.037 72762
47.038 72595
47.039 72427
47.04 72260
47.041 72092
47.042 71925
47.043 71757
47.044 71590
47.045 70944
47.046 70408
47.047 69872
47.048 69336
47.049 68800
47.05 68264
47.051 67728
47.0512 67192
47.052 66656
47.053 66120
47.054 65584
47.055 65048
47.056 64856
47.057 64512
47.064 64512
47.0791 63976
47.09 64512
47.1921 65048
47.235 65584
47.266 66120
47.3 66656
47.334 67192
47.368 67728
47.409 68264
47.447 68800
47.488 69336
47.53 69872
47.568 70408
47.611 70944
47.651 71480
47.694 72016
47.734 72552
47.777 73088
47.819 73624
47.862 74160
47.904 74696
47.949 75232
47.991 75768
48.0361 76304
48.081 76840
48.125 77376
48.1701 77912
48.217 78448
48.261 78984
48.3061 79520
48.355 80056
48.408 80592
48.463 81128
48.519 81664
48.582 82200
48.638 82736
48.71 83272
48.759 83808
48.831 84344
48.906 84880
48.98 85416
49.054 85952
49.131 86488
49.205 87024
49.282 87560
49.359 88096
49.384 88096
49.384 87368
49.3841 87033
49.3842 86865
49.386 86697
49.3861 86529
49.388 86361
49.3881 86193
49.389 86025
49.39 85857
49.391 85689
49.392 85522
49.393 85354
49.394 85186
49.395 85018
49.396 84850
49.397 84682
49.398 84514
49.399 84346
49.4 84178
49.401 84010
49.4011 83843
49.402 83675
49.403 83507
49.404 83339
49.405 83171
49.406 83003
49.407 82835
49.408 82667
49.409 82499
49.41 82331
49.411 82163
49.412 81996
49.413 81828
49.414 81660
49.415 81492
49.416 81324
49.417 81156
49.418 80988
49.4181 80820
49.419 80652
49.42 80484
49.421 80317
49.422 80149
49.423 79981
49.424 79813
49.425 79645
49.426 79477
49.427 79309
49.428 79141
49.429 78973
49.43 78805
49.431 78638
49.432 78470
49.433 78302
49.434 78134
49.435 77966
49.4351 77798
49.436 77630
49.437 77462
49.438 77294
49.439 77126
49.44 76958
49.441 76791
49.442 76623
49.443 76455
49.444 76287
49.445 76119
49.446 75951
49.447 75783
49.448 75615
49.449 75447
49.45 75279
49.451 75112
49.4511 74944
49.452 74776
49.453 74608
49.454 74440
49.455 74272
49.456 74104
49.457 73936
49.458 73768
49.459 73600
49.46 73432
49.461 73265
49.462 73097
49.463 72929
49.464 72761
49.465 72593
49.466 72425
49.467 72257
49.468 72089
49.4681 71921
49.469 71753
49.47 71586
49.471 71418
49.472 71250
49.473 71082
49.474 70914
49.475 70746
49.476 70578
49.477 70410
49.478 70242
49.479 70074
49.48 69907
49.481 69739
49.482 69571
49.483 68867
49.484 68699
49.485 68531
49.4852 68363
49.486 68195
49.487 68027
49.488 67859
49.489 67691
49.49 67524
49.491 67356
49.492 67188
49.493 67020
49.494 66852
49.495 66684
49.496 66516
49.497 66348
49.498 66180
49.499 66012
49.5 65845
49.501 65677
49.502 65509
49.5022 65341
49.503 65173
49.504 65005
49.505 64837
49.506 64024
49.507 63488
49.508 62952
49.509 62416
49.51 61880
49.511 61344
49.512 61104
49.513 60808
49.5331 60272
49.535 61104
49.536 60808
49.603 61104
49.6031 60808
49.636 61104
49.636 61640
49.69 62176
49.747 62712
49.804 63248
49.866 63784
49.928 64320
49.9831 64856
50.06 65392
50.13 65928
50.202 66464
50.272 67000
50.359 67536
50.442 68072
50.51 68608
50.625 69144
50.6911 69680
50.814 70216
50.94 70752
51.063 71288
51.189 71824
51.3141 72360
51.444 72896
51.593 73432
51.839 73968
52.192 74504
52.6402 74504
52.6402 73968
52.6403 73634
52.6404 73467
52.6405 73299
52.6406 73132
52.6407 72965
52.6408 72798
52.6409 72630
52.641 72463
52.6411 72296
52.6412 72129
52.6413 71961
52.6414 71794
52.6415 71627
52.6416 71460
52.6417 71292
52.6418 71125
52.6419 70958
52.642 70791
52.6421 70623
52.6422 70456
52.6423 70289
52.6424 70121
52.6425 69954
52.6426 69787
52.6427 69620
52.6428 69452
52.6429 69285
52.643 69118
52.6431 68951
52.6432 68783
52.6433 68616
52.6434 68449
52.6435 68282
52.6436 68114
52.6437 67947
52.6438 67780
52.6439 67613
52.644 67445
52.6441 67278
52.6442 67111
52.6443 66943
52.6444 66776
52.6445 66609
52.6446 66442
52.6447 66274
52.6448 66107
52.6449 65940
52.645 65773
52.6451 65605
52.6452 65438
52.6453 65271
52.6454 65104
52.6455 64936
52.6456 64769
52.6457 64602
52.6458 64435
52.6459 64267
52.646 64100
52.6461 63933
52.6462 63765
52.6463 63598
52.6464 63431
52.6465 63264
52.6466 63096
52.6467 62929
52.6468 62762
52.6469 62595
52.647 62427
52.6471 62260
52.6472 62093
52.6473 61926
52.6474 61758
52.6475 61591
52.6476 61424
52.6477 61257
52.6478 61089
52.6479 60922
52.648 60755
52.6481 60588
52.6482 60420
52.6483 60253
52.6484 60086
52.6485 59918
52.6486 59751
52.6487 59584
52.6488 59417
52.6489 59249
52.649 59082
52.6491 58915
52.6492 58748
52.6493 58580
52.6494 58413
52.6495 58246
52.6496 58079
52.6497 57911
52.6497 57744
52.6498 57577
52.6499 57410
52.65 57242
52.6501 57075
52.6502 56908
52.6503 56740
52.6504 56573
52.6505 56406
52.6506 56239
52.6507 56071
52.6508 55904
52.6509 55737
52.651 55570
52.6511 55402
52.6512 55235
52.6513 55068
52.6514 54901
52.6515 54733
52.6516 54566
52.6517 54399
52.6518 54232
52.6519 54064
52.652 53897
52.6521 53730
52.6522 53562
52.6523 53395
52.6524 53228
52.6525 53061
52.653 51992
52.6963 52528
52.6964 53064
52.718 53600
52.756 54136
52.796 54672
52.837 55208
52.877 55744
52.919 56280
52.966 56816
53.006 57352
53.051 57888
53.096 58424
53.141 58960
53.189 59496
53.287 60032
53.338 60568
53.39 61104
53.444 61640
53.5 62176
53.556 62712
53.6942 62712
53.6942 62176
53.6943 61834
53.6944 61663
53.6945 61492
53.6946 61321
53.6947 61150
53.6948 60978
53.6949 60807
53.695 60636
53.6951 60465
53.6952 60294
53.6953 60123
53.6954 59951
53.6955 59780
53.6956 59609
53.6957 59438
53.6958 59267
53.6959 59096
53.696 58924
53.6961 58753
53.6962 58582
53.6963 58411
53.6964 58240
53.6965 58069
53.6966 57898
53.6967 57726
53.6968 57555
53.6969 57384
53.697 57213
53.6971 57042
53.6972 56871
53.6973 56699
53.6974 56528
53.6975 56357
53.6976 56186
53.6977 56015
53.6978 55844
53.6979 55672
53.698 55501
53.6981 55330
53.6982 55159
53.6983 54988
53.6984 54817
53.6985 54645
53.6986 54474
53.6987 54303
53.6988 54132
53.6989 53961
53.699 53790
53.6991 53619
53.6992 53447
53.6993 53276
53.6994 53105
53.6995 52934
53.794 52763
53.7942 52592
53.7943 51884
53.7944 51713
53.7945 51542
53.7946 51371
53.7947 51200
53.7948 51029
53.795 50857
53.7952 50686
53.7953 50515
53.7954 50344
53.7955 50173
53.7956 50002
53.7957 49830
53.7958 49659
53.7959 49488
53.796 49317
53.7962 49146
53.7963 48975
53.7964 48804
53.7965 48632
53.7966 48461
53.7967 48290
53.7968 48119
53.797 47948
53.7972 47777
53.7973 47605
53.7974 47434
53.7975 47263
53.7976 47092
53.7977 46921
53.7978 46750
53.7979 46578
53.798 46407
53.7982 46236
53.7983 46065
53.7984 45894
53.7985 45723
53.7986 45551
53.7987 45380
53.7988 45209
53.7989 45038
53.7991 44867
53.7992 44696
53.7993 44525
53.7994 44353
53.7995 43416
53.8502 43952
53.862 44488
53.95 45024
54.1632 45024
54.1632 44488
54.1633 44139
54.1634 43965
54.1635 43790
54.1636 43616
54.1637 43441
54.164 43267
54.1641 43092
54.1642 42918
54.1643 42743
54.1644 42569
54.1645 42394
54.1646 42220
54.1648 41509
54.165 41335
54.1652 41160
54.1653 40986
54.1654 40811
54.1655 40637
54.1656 40462
54.1657 40288
54.1658 40113
54.166 39939
54.1662 39764
54.1663 39590
54.1664 39415
54.1665 39241
54.1666 39066
54.1667 38892
54.1668 38717
54.167 38543
54.1672 38368
54.1673 38194
54.1674 38019
54.1675 37845
54.1676 37670
54.1677 37496
54.168 37321
54.1682 37147
54.1683 36972
54.1684 36798
54.1685 36623
54.1686 35912
54.1688 35738
54.1691 35563
54.1692 35389
54.1693 35214
54.1694 35040
54.1696 34865
54.1697 34155
54.1698 33980
54.1701 33806
54.1702 33631
54.1703 33457
54.1704 33282
54.1706 33108
54.1707 32933
54.1708 32759
54.1711 32584
54.1712 32410
54.1713 32235
54.1714 32061
54.1716 31088
54.3363 30552
54.3378 31088
54.3379 30016
54.338 29480
54.3381 28944
54.3382 28408
54.3383 31088
54.3383 31624
54.4362 31624
54.4362 26264
54.4363 24757
54.4364 24540
54.4365 24322
54.4366 24105
54.4367 23887
54.4368 21976
54.437 21440
54.4372 20904
54.4373 20368
54.4374 19832
54.4375 19296
54.4376 18760
54.4377 18224
54.4378 17688
54.438 17152
54.4381 16616
54.4382 15544
54.4383 15008
54.4385 14472
54.4386 13936
54.4387 13400
54.4388 12864
54.439 12328
54.4391 11792
54.4392 11256
54.4393 10720
54.4395 10184
54.4396 9648
54.4397 9112
54.4398 8576
54.5361 8040
54.5363 21976
54.5364 21440
54.5371 20904
54.5921 21976
54.5923 19832
54.5924 19296
54.5925 18760
54.5926 18224
54.5927 17688
54.5928 17152
54.593 16616
54.594 16080
54.595 15544
54.596 15008
54.597 14472
54.598 13936
54.599 13400
54.6 12864
54.601 12328
54.603 11792
54.6032 11256
54.7111 10720
54.7113 10184
54.7123 21976
54.7131 21976
54.7132 21440
54.767 21172
54.7671 20904
54.87 20636
54.8701 20368
54.8702 20100
54.8703 19832
54.8704 19564
54.8705 19296
54.8706 19028
54.8707 18760
54.8708 18492
54.871 18224
55.7128 18224
55.7128 536
55.769 16616
55.825 17152
55.9391 17688
55.953 18224
56 18760
56.019 19296
56.1541 19832
56.215 20368
56.2821 20904
56.329 21440
56.341 21976
56.3851 22512
56.399 23048
56.4411 23584
56.455 24120
56.497 24656
56.509 25192
56.528 25728
56.563 26264
56.5801 26800
56.612 27336
56.631 27872
56.65 28408
56.6771 28944
56.696 29480
56.7233 30016
56.742 30552
56.761 31088
56.785 31624
56.804 32160
56.823 32696
56.842 33232
56.861 33768
56.8781 34304
56.897 34840
56.916 35376
56.935 35912
56.955 36448
56.974 36984
56.993 37520
57.012 38056
57.031 38592
57.0481 39128
57.067 39664
57.086 40200
57.105 40736
57.125 41272
57.144 41808
57.163 42344
57.182 42880
57.2025 43416
57.218 43952
57.237 44488
57.256 45024
57.276 45560
57.295 46096
57.314 46632
57.333 47168
57.3501 47704
57.369 48240
57.388 48776
57.407 49312
57.427 49848
57.446 50384
57.465 50920
57.484 51456
57.503 51992
57.5201 52528
57.539 53064
57.558 53600
57.577 54136
57.597 54672
57.616 55208
57.635 55744
57.654 56280
57.6711 56816
57.69 57352
57.748 57888
57.7489 58424
57.7498 58960
57.767 59496
57.786 60032
57.805 60568
57.8221 61104
57.841 61640
57.86 62176
57.879 62712
57.899 63248
57.918 63784
57.937 64320
57.956 64856
57.975 65392
57.9921 65928
58.011 66464
58.03 67000
58.049 67536
58.069 68072
58.088 68608
58.107 69144
58.133 69680
58.1431 70216
58.162 70752
58.181 71288
58.2 71824
58.22 72360
58.239 72896
58.258 73432
58.277 73968
58.2941 74504
58.313 75040
58.332 75576
58.351 76112
58.371 76648
58.39 77184
58.409 77720
58.428 78256
58.447 78792
58.4641 79328
58.483 79864
58.502 80400
58.521 80936
58.541 81472
58.56 82008
58.579 82544
58.598 83080
58.6151 83616
58.634 84152
58.653 84688
58.679 85224
58.692 85760
58.711 86296
58.73 86832
58.749 87368
58.7661 87904
58.785 88440
58.804 88976
58.823 89512
58.843 90048
58.862 90584
58.881 91120
58.9 91656
58.919 92192
58.9361 92728
58.953 92728
58.953 92192
58.9531 91862
58.9532 91696
58.955 91531
58.9551 91366
58.957 91200
58.9571 91035
58.958 90869
58.959 90704
58.96 90539
58.961 90373
58.962 90208
58.963 90042
58.964 89877
58.965 89712
58.966 89546
58.967 89381
58.968 89215
58.969 89050
58.9691 88885
58.97 88719
58.971 88554
58.972 88388
58.973 88223
58.974 88058
58.975 87892
58.976 87727
58.977 87561
58.978 87396
58.979 87231
58.98 87065
58.981 86900
58.982 86734
58.983 86569
58.984 86404
58.985 86238
58.986 86073
58.9861 85908
58.987 85742
58.988 85577
58.989 85411
58.99 85246
58.991 85081
58.992 84915
58.993 84750
58.994 84584
58.995 84419
58.996 84254
58.997 84088
58.998 83923
58.999 83757
59 83592
59.001 83427
59.002 83261
59.0021 83096
59.003 82930
59.004 82765
59.005 82600
59.006 82434
59.007 82269
59.008 82103
59.009 81938
59.01 81773
59.011 81607
59.012 81442
59.013 81276
59.014 81111
59.015 80946
59.016 80780
59.017 80615
59.018 80450
59.019 80284
59.0191 80119
59.02 79953
59.021 79788
59.022 79623
59.023 79457
59.024 79292
59.025 79126
59.026 78961
59.027 78796
59.028 78630
59.029 78465
59.03 78299
59.031 78134
59.032 77969
59.033 77803
59.034 77638
59.035 77472
59.036 77307
59.0361 77142
59.037 76976
59.038 76811
59.039 76645
59.04 76480
59.041 76315
59.042 76149
59.043 75984
59.044 75818
59.045 75653
59.046 75488
59.047 75322
59.048 75157
59.049 74991
59.05 74826
59.051 74661
59.052 73959
59.053 73794
59.0532 73629
59.054 73463
59.055 73298
59.056 73132
59.057 72967
59.058 72802
59.059 72636
59.06 72471
59.061 72305
59.062 72140
59.063 71975
59.064 71809
59.065 71644
59.066 71478
59.067 71313
59.068 70648
59.069 70112
59.07 69576
59.0702 69040
59.071 68504
59.072 67968
59.073 67432
59.074 66896
59.075 66360
59.076 65824
59.077 65288
59.078 64856
59.079 64752
59.086 64752
59.1021 64216
59.112 64752
59.212 65288
59.25 65824
59.288 66360
59.326 66896
59.365 67432
59.405 67968
59.443 68504
59.484 69040
59.5221 69576
59.562 70112
59.605 70648
59.643 71184
59.686 71720
59.726 72256
59.769 72792
59.811 73328
59.854 73864
59.896 74400
59.941 74936
59.983 75472
