0.158022 4294967295
0.215015 4294967295
0.215102 4294967295
0.215188 4294967295
0.215274 4294967295
0.215361 4294967295
0.271015 4294967295
0.271102 4294967295
0.271188 4294967295
0.271274 4294967295
0.273015 4294967295
0.275015 4294967295
0.277015 4294967295
0.279015 4294967295
0.281015 4294967295
0.327015 4294967295
0.327102 4294967295
0.327188 4294967295
0.327274 4294967295
0.329015 4294967295
0.331015 4294967295
0.333015 4294967295
0.335015 4294967295
0.337015 4294967295
0.337102 4294967295
0.339015 4294967295
0.341015 4294967295
0.343015 4294967295
0.346015 4294967295
0.348015 4294967295
0.350015 4294967295
0.352015 4294967295
0.354015 4294967295
0.383015 4294967295
0.383102 4294967295
0.383188 4294967295
0.383274 4294967295
0.385015 4294967295
0.387015 4294967295
0.389015 4294967295
0.391015 4294967295
0.393015 4294967295
0.393102 4294967295
0.395015 4294967295
0.397015 4294967295
0.399015 4294967295
0.402015 4294967295
0.404015 4294967295
0.406015 4294967295
0.408015 4294967295
0.410015 4294967295
0.410102 4294967295
0.412015 4294967295
0.414015 4294967295
0.416015 4294967295
0.419015 4294967295
0.421015 4294967295
0.423015 4294967295
0.425015 4294967295
0.427015 4294967295
0.427102 4294967295
0.429015 4294967295
0.431015 4294967295
0.433015 4294967295
0.436015 4294967295
0.438015 4294967295
0.440015 4294967295
0.442015 4294967295
0.444015 4294967295
0.444102 4294967295
0.446015 4294967295
0.448015 4294967295
0.450015 4294967295
0.453015 4294967295
0.455015 4294967295
0.457015 4294967295
0.459015 4294967295
0.461015 4294967295
0.461102 4294967295
0.463015 4294967295
0.465015 4294967295
0.467015 4294967295
0.470015 4294967295
0.472015 4294967295
0.474015 4294967295
0.476015 4294967295
0.478015 4294967295
0.478102 4294967295
0.480015 4294967295
0.482015 4294967295
0.484015 4294967295
0.487015 4294967295
0.489015 4294967295
0.491015 4294967295
0.493015 4294967295
0.495015 4294967295
0.495102 4294967295
0.497015 4294967295
0.499015 4294967295
0.501015 4294967295
0.504015 4294967295
0.506015 4294967295
0.508015 4294967295
0.510015 4294967295
0.512015 4294967295
0.512102 4294967295
0.514015 4294967295
0.516015 4294967295
0.518015 4294967295
0.521015 4294967295
0.523015 4294967295
0.525015 4294967295
0.527015 4294967295
0.529015 4294967295
0.529102 4294967295
0.531015 4294967295
0.533015 4294967295
0.535015 4294967295
0.538015 4294967295
0.540015 4294967295
0.542015 4294967295
0.544015 4294967295
0.544102 4294967295
0.546015 4294967295
0.548015 4294967295
0.550015 4294967295
0.553015 4294967295
0.555015 4294967295
0.557015 4294967295
0.559015 4294967295
0.561015 4294967295
0.561102 4294967295
0.563015 4294967295
0.565015 4294967295
0.567015 4294967295
0.570015 4294967295
0.572015 4294967295
0.574015 4294967295
0.576015 4294967295
0.578015 4294967295
0.578102 4294967295
0.580015 4294967295
0.582015 4294967295
0.584015 4294967295
0.587015 4294967295
0.589015 4294967295
0.591015 4294967295
0.593015 4294967295
0.595015 4294967295
0.595102 4294967295
0.597015 164552
0.614015 164552
0.633015 164552
0.652015 164552
0.672015 164552
0.691015 164552
0.712028 116848
0.712028 116848
0.712127 116848
0.714028 116848
0.714127 116848
0.714226 116848
0.716028 116848
0.716127 116848
0.717028 116848
0.718028 116848
0.719028 116848
0.720028 116848
0.721028 116848
0.722028 116848
0.723028 116848
0.724028 116848
0.725028 116848
0.726028 116848
0.727028 116848
0.728028 116848
0.729028 116848
0.730028 116848
0.730127 116848
0.731028 116848
0.732028 116848
0.733028 116848
0.734028 116848
0.735028 116848
0.736028 116848
0.737028 116848
0.738028 116848
0.739028 116848
0.740028 116848
0.741028 116848
0.742028 116848
0.743028 116848
0.744028 116848
0.745028 116848
0.746028 116848
0.747028 116848
0.747127 116848
0.748028 116848
0.749028 116848
0.750028 116848
0.751028 116848
0.752028 116848
0.753028 116848
0.754028 116848
0.755028 116848
0.756028 116848
0.757028 116848
0.758028 116848
0.759028 116848
0.760028 116848
0.761028 116848
0.762028 116848
0.763028 116848
0.764028 116848
0.765028 116848
0.766028 116848
0.768028 116848
0.770028 116848
0.770127 116848
0.771028 116848
0.773028 116848
0.774028 116848
0.775028 116848
0.776028 116848
0.777028 116848
0.778028 116848
0.779028 116848
0.780028 116848
0.780127 116848
0.781028 116848
0.782028 116848
0.783028 116848
0.784028 116848
0.785028 116848
0.786028 116848
0.787028 116848
0.788028 116848
0.789028 116848
0.790028 116848
0.793028 116848
0.795028 116848
0.797028 116848
0.799028 116848
0.800028 116848
0.802028 116848
0.804028 116848
0.806028 116848
0.807041 116848
0.809041 116848
0.810041 116848
0.812041 116848
0.814041 116848
0.816041 116848
0.818041 116848
0.819041 116848
0.821041 116848
0.823041 116848
0.825041 116848
0.827041 116848
0.828153 116848
0.830041 116848
0.832041 116848
0.834041 116848
0.836041 116848
0.838041 116848
0.839041 116848
0.841041 116848
0.843041 116848
0.845041 116848
0.846041 116848
0.850041 116848
0.852041 116848
0.854041 116848
0.856054 116848
0.856178 116848
0.857054 116848
0.858054 116848
0.862054 116848
0.864054 116848
0.866054 116848
0.867054 116848
0.869054 116848
0.871054 116848
0.879178 116848
0.879428 116848
0.879678 116848
0.879927 116848
0.880178 116848
0.882054 116848
0.884054 116848
0.885054 116848
0.889054 116848
0.891054 116848
0.893054 116848
0.895054 116848
0.896054 116848
0.898054 116848
0.900054 116848
0.902054 116848
0.904054 116848
0.905054 116848
0.907054 116848
0.909054 116848
0.911054 116848
0.912054 116848
0.913054 116848
0.914054 116848
0.917054 116848
0.919054 116848
0.921054 116848
0.923054 116848
0.924054 116848
0.925054 116848
0.930054 116848
0.932054 116848
0.933178 116848
0.934054 116848
0.935054 116848
1.00717 116848
1.02703 116848
1.05502 116848
1.11102 116848
1.13402 116848
1.16402 116848
1.19802 116848
1.22702 116848
1.25702 116848
1.28702 116848
1.30623 84152
1.30623 84152
1.30803 84152
1.30813 84152
1.31003 84152
1.31013 84152
1.31203 84152
1.31213 84152
1.31303 84152
1.31403 84152
1.31503 84152
1.31603 84152
1.31703 84152
1.31803 84152
1.31903 84152
1.32003 84152
1.32103 84152
1.32203 84152
1.32303 84152
1.32313 84152
1.32403 84152
1.32503 84152
1.32603 84152
1.32703 84152
1.32803 84152
1.32903 84152
1.33003 84152
1.33103 84152
1.33203 84152
1.33303 84152
1.33403 84152
1.33503 84152
1.33603 84152
1.33703 84152
1.33803 84152
1.33903 84152
1.34003 84152
1.34013 84152
1.34103 84152
1.34203 84152
1.34303 84152
1.34403 84152
1.34504 84152
1.34604 84152
1.34704 84152
1.34804 84152
1.34904 84152
1.35004 84152
1.35104 84152
1.35204 84152
1.35304 84152
1.35404 84152
1.35504 84152
1.35604 84152
1.35704 84152
1.35715 84152
1.35804 84152
1.36604 84152
1.36615 84152
1.36626 84152
1.36638 84152
1.36649 84152
1.3666 84152
1.36671 84152
1.36704 84152
1.36715 84152
1.36804 84152
1.36904 84152
1.37704 84152
1.37715 84152
1.37726 84152
1.37738 84152
1.37749 84152
1.3776 84152
1.37771 84152
1.37782 84152
1.37804 84152
1.37815 84152
1.37904 84152
1.38004 84152
1.38104 84152
1.38204 84152
1.38305 84152
1.38405 84152
1.38505 84152
1.38605 84152
1.38705 84152
1.38805 84152
1.38905 84152
1.39005 84152
1.39018 84152
1.39105 84152
1.39205 84152
1.39305 84152
1.39405 84152
1.39505 84152
1.39605 84152
1.39705 84152
1.39805 84152
1.39905 84152
1.40005 84152
1.40105 84152
1.40205 84152
1.40305 84152
1.40405 84152
1.40505 84152
1.40605 84152
1.40705 84152
1.40718 84152
1.40805 84152
1.40905 84152
1.41005 84152
1.41105 84152
1.41205 84152
1.41305 84152
1.41405 84152
1.41505 84152
1.41605 84152
1.41705 84152
1.41805 84152
1.41905 84152
1.42005 84152
1.42105 84152
1.42205 84152
1.42305 84152
1.42405 84152
1.42418 84152
1.42505 84152
1.42605 84152
1.42705 84152
1.42805 84152
1.42905 84152
1.45305 84152
1.48505 84152
1.52805 84152
1.53805 84152
2.30402 57352
2.30402 57352
2.61602 57352
2.67302 57352
2.73002 57352
2.7301 57352
2.78702 57352
2.7871 57352
2.78719 57352
2.78727 57352
2.84402 57352
2.8441 57352
2.84419 57352
2.84427 57352
2.84602 57352
2.84802 57352
2.85002 57352
2.85202 57352
2.90102 57352
2.9011 57352
2.90119 57352
2.90127 57352
2.90302 57352
2.90502 57352
2.90702 57352
2.90902 57352
2.91102 57352
2.9111 57352
2.91302 57352
2.91502 57352
2.91702 57352
2.92002 57352
2.92202 57352
2.92402 57352
2.95802 57352
2.9581 57352
2.95819 57352
2.95827 57352
2.96002 57352
2.96202 57352
2.96402 57352
2.96602 57352
2.96802 57352
2.9681 57352
2.97002 57352
2.97202 57352
2.97402 57352
2.97702 57352
2.97902 57352
2.98102 57352
2.98302 57352
2.98502 57352
2.9851 57352
2.98702 57352
2.98902 57352
2.99102 57352
2.99402 57352
3.01302 57352
3.03202 57352
3.05102 57352
3.0681 57352
3.08702 57352
3.10602 57352
3.12502 57352
3.14502 57352
3.16402 57352
3.18302 57352
3.20202 57352
3.22102 57352
3.23802 57352
3.25702 57352
3.27602 57352
3.29602 57352
3.31502 57352
3.33402 57352
3.35302 57352
3.37202 57352
3.3891 57352
3.40802 57352
3.42702 57352
3.44602 57352
3.46602 57352
3.48502 57352
3.50402 57352
3.52302 57352
3.5401 57352
3.55902 57352
3.57802 57352
3.59702 57352
3.61702 57352
3.63602 57352
3.65502 57352
3.67402 57352
3.69302 57352
3.71002 57352
3.72902 57352
3.74802 57352
3.76802 57352
3.78702 57352
3.80602 57352
3.82502 57352
3.84402 57352
3.8611 57352
3.88002 57352
3.89902 57352
3.91802 57352
3.94502 57352
3.95702 57352
3.97602 57352
3.99502 57352
4.0121 57352
4.03102 57352
4.05002 57352
4.06902 57352
4.08902 57352
4.10802 57352
4.12702 57352
4.14602 57352
4.16502 57352
4.18202 57352
4.20102 57352
4.22002 57352
4.22903 64856
4.22903 64856
4.22913 64856
4.23103 64856
4.23113 64856
4.23123 64856
4.23303 64856
4.23313 64856
4.23403 64856
4.23503 64856
4.23603 64856
4.23703 64856
4.23803 64856
4.23903 64856
4.24003 64856
4.24103 64856
4.24203 64856
4.24303 64856
4.24403 64856
4.24503 64856
4.24603 64856
4.24703 64856
4.24803 64856
4.24813 64856
4.24903 64856
4.25003 64856
4.25103 64856
4.25203 64856
4.25303 64856
4.25403 64856
4.25503 64856
4.25603 64856
4.25703 64856
4.25803 64856
4.25903 64856
4.26003 64856
4.26103 64856
4.26203 64856
4.26303 64856
4.26403 64856
4.26503 64856
4.26513 64856
4.26603 64856
4.26703 64856
4.26803 64856
4.26903 64856
4.27003 64856
4.27103 64856
4.27203 64856
4.27303 64856
4.27403 64856
4.27503 64856
4.27603 64856
4.28403 64856
4.28413 64856
4.28423 64856
4.28433 64856
4.28442 64856
4.28452 64856
4.28462 64856
4.28472 64856
4.28503 64856
4.28513 64856
4.28603 64856
4.28703 64856
4.28803 64856
4.28903 64856
4.29003 64856
4.29103 64856
4.29203 64856
4.29303 64856
4.29403 64856
4.29503 64856
4.29603 64856
4.29703 64856
4.29803 64856
4.29813 64856
4.29903 64856
4.30003 64856
4.30103 64856
4.30203 64856
4.31003 64856
4.31013 64856
4.31023 64856
4.31033 64856
4.31042 64856
4.31052 64856
4.31062 64856
4.31103 64856
4.31113 64856
4.31203 64856
4.31303 64856
4.31403 64856
4.31503 64856
4.31513 64856
4.31603 64856
4.31703 64856
4.31803 64856
4.31903 64856
4.32003 64856
4.32103 64856
4.32203 64856
4.32303 64856
4.32403 64856
4.32503 64856
4.32604 64856
4.32704 64856
4.32804 64856
4.32904 64856
4.33004 64856
4.33104 64856
4.33204 64856
4.33215 64856
4.33304 64856
4.33404 64856
4.33504 64856
4.33604 64856
4.33704 64856
4.33804 64856
4.33904 64856
4.34004 64856
4.34104 64856
4.34204 64856
4.34304 64856
4.34404 64856
4.34504 64856
4.34604 64856
4.34704 64856
4.34804 64856
4.34904 64856
4.34915 64856
4.35004 64856
4.35104 64856
4.35204 64856
4.35304 64856
4.35404 64856
4.35504 64856
4.35604 64856
4.37805 64856
4.42817 64856
4.42828 64856
4.45603 64856
4.48802 64856
4.52502 64856
4.55702 64856
4.59102 64856
4.62902 64856
4.67002 64856
4.71002 64856
4.74802 64856
4.78902 64856
4.82902 64856
4.87002 64856
4.91202 64856
5.04723 49848
5.04723 49848
5.04733 49848
5.04752 49848
5.04762 49848
5.04772 49848
5.04782 49848
5.04792 49848
5.04802 49848
5.04812 49848
5.04822 49848
5.04832 49848
5.04842 49848
5.04852 49848
5.04862 49848
5.04871 49848
5.04881 49848
5.04891 49848
5.04901 49848
5.04911 49848
5.04921 49848
5.04931 49848
5.04941 49848
5.04951 49848
5.04961 49848
5.04971 49848
5.04981 49848
5.0499 49848
5.05 49848
5.0501 49848
5.0502 49848
5.0503 49848
5.0504 49848
5.0505 49848
5.0506 49848
5.0507 49848
5.0508 49848
5.0509 49848
5.051 49848
5.0511 49848
5.05119 49848
5.05129 49848
5.05139 49848
5.05149 49848
5.05159 49848
5.05169 49848
5.05179 49848
5.05189 49848
5.05199 49848
5.05209 49848
5.05219 49848
5.05229 49848
5.05238 49848
5.05248 49848
5.05258 49848
5.05268 49848
5.05278 49848
5.05288 49848
5.05298 49848
5.05308 49848
5.05318 49848
5.05328 49848
5.05338 49848
5.05348 49848
5.05358 49848
5.05367 49848
5.05377 49848
5.05387 49848
5.05397 49848
5.05407 49848
5.05417 49848
5.05427 49848
5.05437 49848
5.05447 49848
5.05457 49848
5.05467 49848
5.05477 49848
5.05486 49848
5.05496 49848
5.05506 49848
5.05516 49848
5.05526 49848
5.05536 49848
5.05546 49848
5.05556 49848
5.05566 49848
5.05576 49848
5.05586 49848
5.05596 49848
5.05606 49848
5.05615 49848
5.05625 49848
5.05635 49848
5.05645 49848
5.10402 49848
5.10402 49848
5.16602 49848
5.27823 35376
5.27823 35376
5.27833 35376
5.27842 35376
5.27852 35376
5.27862 35376
5.27872 35376
5.27882 35376
5.27892 35376
5.27912 35376
5.27922 35376
5.27932 35376
5.27942 35376
5.27952 35376
5.27962 35376
5.27971 35376
5.27981 35376
5.27991 35376
5.28001 35376
5.28011 35376
5.28021 35376
5.28031 35376
5.28041 35376
5.28051 35376
5.28061 35376
5.28071 35376
5.28081 35376
5.2809 35376
5.281 35376
5.2811 35376
5.2812 35376
5.2813 35376
5.2814 35376
5.2815 35376
5.2816 35376
5.2817 35376
5.2818 35376
5.2819 35376
5.282 35376
5.2821 35376
5.28219 35376
5.28229 35376
5.28239 35376
5.28249 35376
5.28259 35376
5.28269 35376
5.28279 35376
5.28289 35376
5.28299 35376
5.28309 35376
5.28319 35376
5.28329 35376
5.28338 35376
5.28348 35376
5.28358 35376
5.28368 35376
5.28378 35376
5.28388 35376
5.28398 35376
5.28408 35376
5.28418 35376
5.28428 35376
5.28438 35376
5.28448 35376
5.28458 35376
5.28467 35376
5.28477 35376
5.28487 35376
5.28497 35376
5.28507 35376
5.28517 35376
5.28527 35376
5.28537 35376
5.33503 35376
5.33511 35376
5.43502 35376
5.55423 25192
5.55423 25192
5.55433 25192
5.55442 25192
5.55452 25192
5.55462 25192
5.55472 25192
5.55503 25192
5.55513 25192
5.55523 25192
5.55533 25192
5.55542 25192
5.55552 25192
5.55562 25192
5.55572 25192
5.55582 25192
5.55603 25192
5.55613 25192
5.55623 25192
5.55633 25192
5.55642 25192
5.55652 25192
5.55662 25192
5.55672 25192
5.55703 25192
5.55713 25192
5.55723 25192
5.55733 25192
5.55742 25192
5.55752 25192
5.55762 25192
5.55772 25192
5.55782 25192
5.55803 25192
5.55813 25192
5.55823 25192
5.55833 25192
5.55842 25192
5.55852 25192
5.55862 25192
5.55872 25192
5.55882 25192
5.55903 25192
5.55913 25192
5.55923 25192
5.55933 25192
5.55942 25192
5.55952 25192
5.55962 25192
5.55972 25192
5.56003 25192
5.56013 25192
5.56023 25192
5.56033 25192
5.56042 25192
5.56052 25192
5.56062 25192
5.61021 25192
5.66602 25192
5.76302 25192
5.91623 18760
5.91623 18760
5.91633 18760
5.91642 18760
5.91652 18760
5.91662 18760
5.91672 18760
5.91682 18760
5.91692 18760
5.91702 18760
5.91712 18760
5.91722 18760
5.91732 18760
5.91742 18760
5.91752 18760
5.91762 18760
5.91771 18760
5.91781 18760
5.91791 18760
5.91801 18760
5.91811 18760
5.91821 18760
5.91831 18760
5.91841 18760
5.91851 18760
5.91861 18760
5.91871 18760
5.91881 18760
5.9189 18760
5.919 18760
5.9191 18760
5.9192 18760
5.9193 18760
5.9194 18760
5.9195 18760
5.9196 18760
5.9197 18760
5.9198 18760
5.9199 18760
5.97221 18760
6.08602 18760
6.24723 13400
6.24723 13400
6.24742 13400
6.24752 13400
6.24762 13400
6.24772 13400
6.24782 13400
6.24792 13400
6.24802 13400
6.24812 13400
6.24822 13400
6.24832 13400
6.24842 13400
6.24852 13400
6.24862 13400
6.24871 13400
6.24881 13400
6.24891 13400
6.24901 13400
6.24911 13400
6.24921 13400
6.24931 13400
6.30402 13400
6.30402 13400
6.43302 13400
6.56902 13400
6.74723 10184
6.74723 10184
6.74733 10184
6.74742 10184
6.80303 10184
6.80313 10184
6.80323 10184
6.80333 10184
6.80342 10184
6.80352 10184
6.91004 10184
6.91015 10184
6.91026 10184
6.91038 10184
6.91049 10184
6.9106 10184
6.91203 10184
6.91213 10184
6.91223 10184
6.91233 10184
6.96903 10184
6.97002 10184
6.97002 10184
7.23923 7504
7.23923 7504
7.23933 7504
7.23942 7504
7.23952 7504
7.23962 7504
7.23972 7504
7.23982 7504
7.23992 7504
7.24002 7504
7.24012 7504
7.29521 7504
7.52702 7504
7.88902 7504
10.596 7504
10.937 7504
11.162 7504
11.389 7504
11.558 7504
11.671 7504
11.794 7504
11.911 7504
12.02 7504
12.123 7504
12.236 7504
12.304 7504
12.405 7504
12.469 7504
12.574 7504
12.63 7504
12.687 7504
12.754 7504
12.819 7504
12.881 7504
12.969 7504
13.025 7504
13.082 7504
13.138 7504
13.1651 7504
13.218 7504
13.271 7504
13.323 7504
13.367 7504
13.421 7504
13.478 7504
13.507 7504
13.553 7504
13.594 7504
13.647 7504
13.68 7504
13.722 7504
13.761 7504
13.801 7504
13.839 7504
13.877 7504
13.9151 7504
13.988 7504
13.9894 7504
14.044 7504
14.063 7504
14.097 7504
14.131 7504
14.165 7504
14.199 7504
14.233 7504
14.265 7504
14.296 7504
14.328 7504
14.36 7504
14.392 7504
14.422 7504
14.452 7504
14.484 7504
14.513 7504
14.541 7504
14.571 7504
14.6 7504
14.628 7504
14.656 7504
14.683 7504
14.711 7504
14.739 7504
14.766 7504
14.792 7504
14.819 7504
14.873 7504
14.902 7504
14.945 7504
14.973 7504
15 7504
15.032 7504
15.06 7504
15.089 7504
15.119 7504
15.143 7504
15.166 7504
15.187 7504
15.213 7504
15.236 7504
15.26 7504
15.3762 38592
15.3762 38592
15.3763 38592
15.3764 38592
15.3765 38592
15.3766 38592
15.3767 38592
15.3768 38592
15.3769 38592
15.377 38592
15.3771 38592
15.3772 38592
15.3773 38592
15.3774 38592
15.3775 38592
15.3776 38592
15.3777 38592
15.3778 38592
15.3779 38592
15.378 38592
15.3781 38592
15.3782 38592
15.3783 38592
15.3784 38592
15.3785 38592
15.3786 38592
15.3787 38592
15.3788 38592
15.3789 38592
15.379 38592
15.3791 38592
15.3792 38592
15.3793 38592
15.3794 38592
15.3795 38592
15.3796 38592
15.3797 38592
15.3798 38592
15.3799 38592
15.38 38592
15.3801 38592
15.3802 38592
15.3803 38592
15.3804 38592
15.3805 38592
15.3806 38592
15.3807 38592
15.3808 38592
15.3809 38592
15.381 38592
15.3811 38592
15.3812 38592
15.3813 38592
15.3814 38592
15.3815 38592
15.3816 38592
15.3817 38592
15.3818 38592
15.3819 38592
15.382 38592
15.3821 38592
15.3822 38592
15.3823 38592
15.3824 38592
15.3825 38592
15.3826 38592
15.3827 38592
15.3828 38592
15.3829 38592
15.383 38592
15.3831 38592
15.3832 38592
15.3833 38592
15.3834 38592
15.3835 38592
15.3836 38592
15.3837 38592
15.3838 38592
15.3839 38592
15.384 38592
15.3841 38592
15.3842 38592
15.3843 38592
15.3844 38592
15.3845 38592
15.3846 38592
15.3847 38592
15.3848 38592
15.3849 38592
15.385 38592
15.3851 38592
15.3852 38592
15.4323 38592
15.4324 38592
15.4973 38592
15.564 38592
15.622 38592
15.673 38592
15.711 38592
15.783 38592
15.824 38592
15.898 38592
15.938 38592
16.0151 38592
16.085 38592
16.136 38592
16.2171 38592
16.294 38592
16.34 38592
16.4343 38592
16.51 38592
16.595 38592
16.7482 34304
16.7482 34304
16.7483 34304
16.7484 34304
16.7485 34304
16.7486 34304
16.7487 34304
16.7488 34304
16.7489 34304
16.749 34304
16.7491 34304
16.7492 34304
16.7493 34304
16.7494 34304
16.7495 34304
16.7496 34304
16.7497 34304
16.7498 34304
16.7499 34304
16.75 34304
16.7501 34304
16.7502 34304
16.848 34304
16.8482 34304
16.8483 34304
16.8484 34304
16.8485 34304
16.8486 34304
16.8487 34304
16.8488 34304
16.8489 34304
16.849 34304
16.8492 34304
16.8493 34304
16.8494 34304
16.8495 34304
16.8496 34304
16.8497 34304
16.8498 34304
16.8499 34304
16.8501 34304
16.8502 34304
16.8503 34304
16.8504 34304
16.8505 34304
16.8506 34304
16.8507 34304
16.8508 34304
16.851 34304
16.8511 34304
16.8512 34304
16.8513 34304
16.8514 34304
16.8515 34304
16.8516 34304
16.8517 34304
16.8518 34304
16.852 34304
16.8521 34304
16.8522 34304
16.8523 34304
16.8524 34304
16.8525 34304
16.8526 34304
16.8527 34304
16.8529 34304
16.853 34304
16.8531 34304
16.8532 34304
16.8533 34304
16.8534 34304
16.8535 34304
16.8536 34304
16.8538 34304
16.8539 34304
16.854 34304
16.8541 34304
16.8542 34304
16.9051 34304
16.931 34304
17.016 34304
17.104 34304
17.219 34304
17.3852 25728
17.3852 25728
17.3853 25728
17.3854 25728
17.3855 25728
17.3856 25728
17.3857 25728
17.3858 25728
17.3859 25728
17.386 25728
17.3861 25728
17.3862 25728
17.3863 25728
17.3864 25728
17.3865 25728
17.3866 25728
17.3867 25728
17.3868 25728
17.3869 25728
17.387 25728
17.3871 25728
17.3872 25728
17.3873 25728
17.3874 25728
17.3875 25728
17.3876 25728
17.3877 25728
17.3878 25728
17.3879 25728
17.388 25728
17.3881 25728
17.3882 25728
17.3883 25728
17.3884 25728
17.3885 25728
17.3886 25728
17.3887 25728
17.3888 25728
17.3889 25728
17.389 25728
17.3891 25728
17.3892 25728
17.3893 25728
17.3894 25728
17.3895 25728
17.3896 25728
17.3897 25728
17.3898 25728
17.3899 25728
17.39 25728
17.3901 25728
17.3902 25728
17.3903 25728
17.3904 25728
17.3905 25728
17.3906 25728
17.3907 25728
17.3908 25728
17.4412 25728
17.498 25728
17.611 25728
17.8112 18760
17.8112 18760
17.8113 18760
17.8114 18760
17.8115 18760
17.8116 18760
17.8117 18760
17.8118 18760
17.8119 18760
17.812 18760
17.8121 18760
17.8122 18760
17.8123 18760
17.8124 18760
17.8125 18760
17.8126 18760
17.8127 18760
17.8128 18760
17.8129 18760
17.813 18760
17.8131 18760
17.8132 18760
17.8133 18760
17.8134 18760
17.8135 18760
17.8136 18760
17.8137 18760
17.8138 18760
17.8139 18760
17.814 18760
17.8141 18760
17.8142 18760
17.8143 18760
17.8144 18760
17.8145 18760
17.948 18760
17.9482 18760
17.9483 18760
17.9498 18760
17.9499 18760
17.95 18760
17.9501 18760
17.9502 18760
17.9503 18760
17.9504 18760
17.9505 18760
17.9506 18760
17.9507 18760
17.9508 18760
17.9509 18760
17.951 18760
17.9511 18760
17.9512 18760
17.9513 18760
17.9514 18760
17.9515 18760
17.9516 18760
17.9517 18760
18.004 18760
18.3193 18760
18.3753 18760
18.5453 18760
18.6453 18760
18.6455 18760
18.7013 18760
18.8053 18760
18.8613 18760
18.9496 4824
18.9496 4824
19.006 4824
20.006 45560
20.006 45560
20.318 45560
20.375 45560
20.432 45560
20.4321 45560
20.489 45560
20.4891 45560
20.4892 45560
20.4893 45560
20.546 45560
20.5461 45560
20.5462 45560
20.5463 45560
20.548 45560
20.55 45560
20.552 45560
20.554 45560
20.603 45560
20.6031 45560
20.6032 45560
20.6033 45560
20.605 45560
20.607 45560
20.609 45560
20.611 45560
20.613 45560
20.6131 45560
20.615 45560
20.617 45560
20.619 45560
20.622 45560
20.636 45560
20.6361 45560
20.66 45560
20.6601 45560
20.6602 45560
20.6603 45560
20.662 45560
20.664 45560
20.666 45560
20.668 45560
20.67 45560
20.6701 45560
20.672 45560
20.674 45560
20.676 45560
20.679 45560
20.681 45560
20.683 45560
20.685 45560
20.687 45560
20.6871 45560
20.689 45560
20.691 45560
20.702 45560
20.7191 45560
20.738 45560
20.757 45560
20.776 45560
20.796 45560
20.815 45560
20.834 45560
20.853 45560
20.872 45560
20.8891 45560
20.908 45560
20.927 45560
20.947 45560
20.966 45560
20.985 45560
21.0287 45560
21.0296 45560
21.0401 45560
21.059 45560
21.078 45560
21.097 45560
21.1192 45560
21.136 45560
21.155 45560
21.174 45560
21.1984 45560
21.21 45560
21.229 45560
21.248 45560
21.268 45560
21.287 45560
21.306 45560
21.325 45560
21.344 45560
21.3611 45560
21.38 45560
21.399 45560
21.4231 45560
21.438 45560
21.457 45560
21.476 45560
21.495 45560
21.5121 45560
21.531 45560
21.55 45560
21.569 45560
21.589 45560
21.608 45560
21.627 45560
21.646 45560
21.6631 45560
21.682 45560
21.701 45560
21.72 45560
21.74 45560
21.758 45560
21.778 45560
21.797 45560
21.816 45560
21.8331 45560
21.852 45560
21.871 45560
21.891 45560
21.91 45560
21.929 45560
21.948 45560
21.967 45560
21.9841 45560
22.003 45560
22.022 45560
22.041 45560
22.061 45560
22.08 45560
22.099 45560
22.118 45560
22.1351 45560
22.152 64856
22.152 64856
22.1521 64856
22.1522 64856
22.154 64856
22.1541 64856
22.156 64856
22.1561 64856
22.157 64856
22.158 64856
22.159 64856
22.16 64856
22.161 64856
22.162 64856
22.163 64856
22.164 64856
22.165 64856
22.166 64856
22.167 64856
22.168 64856
22.169 64856
22.1691 64856
22.17 64856
22.171 64856
22.172 64856
22.173 64856
22.174 64856
22.175 64856
22.176 64856
22.177 64856
22.178 64856
22.179 64856
22.18 64856
22.181 64856
22.182 64856
22.183 64856
22.184 64856
22.185 64856
22.186 64856
22.1861 64856
22.187 64856
22.188 64856
22.189 64856
22.19 64856
22.191 64856
22.192 64856
22.193 64856
22.194 64856
22.195 64856
22.196 64856
22.197 64856
22.198 64856
22.199 64856
22.2 64856
22.201 64856
22.202 64856
22.203 64856
22.2031 64856
22.204 64856
22.205 64856
22.206 64856
22.207 64856
22.208 64856
22.209 64856
22.21 64856
22.211 64856
22.212 64856
22.213 64856
22.214 64856
22.215 64856
22.216 64856
22.217 64856
22.218 64856
22.219 64856
22.22 64856
22.2201 64856
22.221 64856
22.222 64856
22.223 64856
22.224 64856
22.225 64856
22.226 64856
22.227 64856
22.228 64856
22.229 64856
22.23 64856
22.231 64856
22.232 64856
22.233 64856
22.234 64856
22.235 64856
22.236 64856
22.2361 64856
22.237 64856
22.238 64856
22.239 64856
22.24 64856
22.248 64856
22.2481 64856
22.2482 64856
22.2483 64856
22.2484 64856
22.2485 64856
22.2486 64856
22.249 64856
22.2491 64856
22.25 64856
22.251 64856
22.252 64856
22.253 64856
22.2532 64856
22.254 64856
22.255 64856
22.256 64856
22.257 64856
22.258 64856
22.259 64856
22.26 64856
22.261 64856
22.262 64856
22.263 64856
22.264 64856
22.265 64856
22.266 64856
22.267 64856
22.268 64856
22.269 64856
22.27 64856
22.2702 64856
22.271 64856
22.272 64856
22.273 64856
22.274 64856
22.275 64856
22.276 64856
22.277 64856
22.278 64856
22.3011 64856
22.311 64856
22.312 64856
22.378 64856
22.411 64856
22.4484 64856
22.488 64856
22.526 64856
22.566 64856
22.604 64856
22.645 64856
22.683 64856
22.724 64856
22.766 64856
22.804 64856
22.847 64856
22.887 64856
22.93 64856
22.972 64856
23.015 64856
23.057 64856
23.102 64856
23.144 64856
23.1871 64856
23.232 64856
23.276 64856
23.321 64856
23.366 64856
23.41 64856
23.457 64856
23.504 64856
23.557 64856
23.614 64856
23.665 64856
23.733 64856
23.784 64856
23.857 64856
23.927 64856
23.978 64856
24.05 64856
24.125 64856
24.1991 64856
24.273 64856
24.35 64856
24.424 64856
24.503 64856
24.595 64856
24.603 61104
24.603 61104
24.6031 61104
24.6032 61104
24.605 61104
24.6051 61104
24.607 61104
24.6071 61104
24.608 61104
24.609 61104
24.61 61104
24.611 61104
24.612 61104
24.613 61104
24.614 61104
24.615 61104
24.616 61104
24.617 61104
24.618 61104
24.619 61104
24.62 61104
24.6201 61104
24.621 61104
24.622 61104
24.623 61104
24.624 61104
24.625 61104
24.626 61104
24.627 61104
24.628 61104
24.629 61104
24.63 61104
24.631 61104
24.632 61104
24.633 61104
24.634 61104
24.635 61104
24.636 61104
24.637 61104
24.6371 61104
24.638 61104
24.639 61104
24.64 61104
24.641 61104
24.642 61104
24.643 61104
24.644 61104
24.645 61104
24.646 61104
24.647 61104
24.648 61104
24.649 61104
24.65 61104
24.651 61104
24.652 61104
24.653 61104
24.654 61104
24.6541 61104
24.655 61104
24.656 61104
24.657 61104
24.658 61104
24.659 61104
24.66 61104
24.661 61104
24.662 61104
24.663 61104
24.664 61104
24.665 61104
24.666 61104
24.667 61104
24.668 61104
24.669 61104
24.67 61104
24.671 61104
24.6711 61104
24.672 61104
24.673 61104
24.674 61104
24.675 61104
24.676 61104
24.677 61104
24.678 61104
24.679 61104
24.68 61104
24.681 61104
24.682 61104
24.683 61104
24.684 61104
24.685 61104
24.686 61104
24.687 61104
24.6871 61104
24.688 61104
24.689 61104
24.69 61104
24.691 61104
24.692 61104
24.693 61104
24.694 61104
24.695 61104
24.696 61104
24.697 61104
24.698 61104
24.699 61104
24.7 61104
24.701 61104
24.702 61104
24.703 61104
24.704 61104
24.7042 61104
24.705 61104
24.706 61104
24.707 61104
24.708 61104
24.709 61104
24.71 61104
24.711 61104
24.712 61104
24.713 61104
24.714 61104
24.715 61104
24.716 61104
24.717 61104
24.718 61104
24.719 61104
24.72 61104
24.721 61104
24.7212 61104
24.722 61104
24.723 61104
24.724 61104
24.725 61104
24.726 61104
24.727 61104
24.728 61104
24.729 61104
24.73 61104
24.731 61104
24.732 61104
24.7521 61104
24.754 61104
24.755 61104
24.822 61104
24.8221 61104
24.855 61104
24.855 61104
24.904 61104
24.962 61104
25.019 61104
25.081 61104
25.142 61104
25.204 61104
25.274 61104
25.344 61104
25.417 61104
25.4911 61104
25.572 61104
25.657 61104
25.729 61104
25.84 61104
25.9172 61104
26.035 61104
26.159 61104
26.2821 61104
26.41 61104
26.5351 61104
26.663 61104
26.807 61104
27.054 61104
27.407 61104
28.2332 51992
28.2332 51992
28.2333 51992
28.2334 51992
28.2335 51992
28.2336 51992
28.2337 51992
28.2338 51992
28.2339 51992
28.234 51992
28.2341 51992
28.2342 51992
28.2343 51992
28.2344 51992
28.2345 51992
28.2346 51992
28.2347 51992
28.2348 51992
28.2349 51992
28.235 51992
28.2351 51992
28.2352 51992
28.2353 51992
28.2354 51992
28.2355 51992
28.2356 51992
28.2357 51992
28.2358 51992
28.2359 51992
28.236 51992
28.2361 51992
28.2362 51992
28.2363 51992
28.2364 51992
28.2365 51992
28.2366 51992
28.2367 51992
28.2368 51992
28.2369 51992
28.237 51992
28.2371 51992
28.2372 51992
28.2373 51992
28.2374 51992
28.2375 51992
28.2376 51992
28.2377 51992
28.2378 51992
28.2379 51992
28.238 51992
28.2381 51992
28.2382 51992
28.2383 51992
28.2384 51992
28.2385 51992
28.2386 51992
28.2387 51992
28.2388 51992
28.2389 51992
28.239 51992
28.2391 51992
28.2392 51992
28.2393 51992
28.2394 51992
28.2395 51992
28.2396 51992
28.2397 51992
28.2398 51992
28.2399 51992
28.24 51992
28.2401 51992
28.2402 51992
28.2403 51992
28.2404 51992
28.2405 51992
28.2406 51992
28.2407 51992
28.2408 51992
28.2409 51992
28.241 51992
28.2411 51992
28.2412 51992
28.2413 51992
28.2414 51992
28.2415 51992
28.2416 51992
28.2417 51992
28.2418 51992
28.2419 51992
28.242 51992
28.2421 51992
28.2422 51992
28.2423 51992
28.2424 51992
28.2425 51992
28.2426 51992
28.2427 51992
28.2427 51992
28.2428 51992
28.2429 51992
28.243 51992
28.2431 51992
28.2432 51992
28.2433 51992
28.2434 51992
28.2435 51992
28.2436 51992
28.2437 51992
28.2438 51992
28.2439 51992
28.244 51992
28.2441 51992
28.2442 51992
28.2443 51992
28.2444 51992
28.2445 51992
28.2446 51992
28.2447 51992
28.2448 51992
28.2449 51992
28.245 51992
28.2451 51992
28.2452 51992
28.2453 51992
28.2454 51992
28.2455 51992
28.246 51992
28.2893 51992
28.2894 51992
28.306 51992
28.345 51992
28.385 51992
28.4962 38056
28.4962 38056
28.4963 38056
28.4964 38056
28.4965 38056
28.4966 38056
28.4967 38056
28.4968 38056
28.4969 38056
28.497 38056
28.4971 38056
28.4972 38056
28.4973 38056
28.4974 38056
28.4975 38056
28.4976 38056
28.4977 38056
28.4978 38056
28.4979 38056
28.498 38056
28.4981 38056
28.4982 38056
28.4983 38056
28.4984 38056
28.4985 38056
28.4986 38056
28.4987 38056
28.4988 38056
28.4989 38056
28.499 38056
28.4991 38056
28.4992 38056
28.4993 38056
28.4994 38056
28.4995 38056
28.4996 38056
28.4997 38056
28.4998 38056
28.4999 38056
28.5 38056
28.5001 38056
28.5002 38056
28.5003 38056
28.5004 38056
28.5005 38056
28.5006 38056
28.5007 38056
28.5008 38056
28.5009 38056
28.501 38056
28.5011 38056
28.5012 38056
28.5013 38056
28.5014 38056
28.5015 38056
28.5016 38056
28.5017 38056
28.5018 38056
28.5019 38056
28.502 38056
28.5021 38056
28.5022 38056
28.5023 38056
28.5024 38056
28.5025 38056
28.5026 38056
28.5027 38056
28.5028 38056
28.5029 38056
28.503 38056
28.5031 38056
28.5032 38056
28.5033 38056
28.5034 38056
28.5035 38056
28.5036 38056
28.5037 38056
28.5038 38056
28.5039 38056
28.504 38056
28.5041 38056
28.5042 38056
28.5043 38056
28.5044 38056
28.5045 38056
28.5046 38056
28.5047 38056
28.5048 38056
28.5049 38056
28.505 38056
28.5051 38056
28.5522 38056
28.568 38056
28.649 38056
28.732 38056
28.8872 27872
28.8872 27872
28.8873 27872
28.8874 27872
28.8875 27872
28.8876 27872
28.8877 27872
28.8878 27872
28.8879 27872
28.888 27872
28.8881 27872
28.8882 27872
28.8883 27872
28.8884 27872
28.8885 27872
28.8886 27872
28.8887 27872
28.8888 27872
28.8889 27872
28.889 27872
28.8891 27872
28.8892 27872
28.8893 27872
28.8894 27872
28.8895 27872
28.8896 27872
28.8897 27872
28.8898 27872
28.8899 27872
28.89 27872
28.8901 27872
28.8902 27872
28.8903 27872
28.8904 27872
28.8905 27872
28.8906 27872
28.8907 27872
28.8908 27872
28.8909 27872
28.891 27872
28.8911 27872
28.8912 27872
28.8913 27872
28.8914 27872
28.8915 27872
28.8916 27872
28.8917 27872
28.8918 27872
28.8919 27872
28.892 27872
28.8921 27872
28.8922 27872
28.8923 27872
28.8924 27872
28.8925 27872
28.8926 27872
28.8927 27872
28.8928 27872
28.8929 27872
28.893 27872
28.8931 27872
28.8932 27872
28.8933 27872
28.8934 27872
28.9432 27872
28.979 27872
29.097 27872
29.192 27872
29.335 27872
29.443 27872
29.6112 21440
29.6112 21440
29.6114 21440
29.6115 21440
29.6116 21440
29.6117 21440
29.6118 21440
29.6119 21440
29.612 21440
29.6121 21440
29.6122 21440
29.6123 21440
29.6124 21440
29.6125 21440
29.6126 21440
29.668 21440
29.668 21440
29.724 21440
30.7582 15544
30.7582 15544
31.815 1072
31.927 1072
31.984 1072
32.041 1072
32.097 1072
32.0971 1072
32.154 1072
32.1541 1072
32.1542 1072
32.211 1072
32.2111 1072
32.2112 1072
32.2113 1072
32.267 1072
32.2671 1072
32.2672 1072
32.2673 1072
32.269 1072
32.271 1072
32.348 1072
32.3481 1072
32.3482 1072
32.3483 1072
32.3484 1072
32.3484 1072
32.3485 1072
32.3486 1072
32.3487 1072
32.404 1072
32.4041 1072
32.4042 1072
32.4043 1072
32.406 1072
32.408 1072
32.41 1072
32.412 1072
32.414 1072
32.4141 1072
32.416 1072
32.418 1072
32.42 1072
32.423 1072
32.461 1072
32.4611 1072
32.4612 1072
32.4613 1072
32.463 1072
32.465 1072
32.467 1072
32.469 1072
32.471 1072
32.4711 1072
32.473 1072
32.475 1072
32.477 1072
32.48 1072
32.482 1072
32.484 1072
32.486 1072
32.488 1072
32.4881 1072
32.49 1072
32.492 1072
32.518 1072
32.5181 1072
32.5281 1072
32.547 1072
32.566 1072
32.5901 1072
32.605 1072
32.624 1072
32.643 1072
32.662 1072
32.6791 1072
32.698 1072
32.717 1072
32.736 1072
32.756 1072
32.775 1072
32.794 1072
32.813 1072
32.8301 1072
32.849 1072
32.868 1072
32.887 1072
32.907 1072
32.926 1072
32.945 1072
32.964 1072
32.983 1072
33.0001 1072
33.019 1072
33.038 1072
33.058 1072
33.077 1072
33.096 1072
33.115 1072
33.134 1072
33.1511 1072
33.17 1072
33.189 1072
33.208 1072
33.228 1072
33.247 1072
33.266 1072
33.285 1072
33.3021 1072
33.321 1072
33.34 1072
33.359 1072
33.379 1072
33.398 1072
33.417 1072
33.436 1072
33.455 1072
33.4721 1072
33.491 1072
33.51 1072
33.53 1072
33.549 1072
33.568 1072
33.587 1072
33.606 1072
33.6231 1072
33.642 1072
33.661 1072
33.68 1072
33.7 1072
33.719 1072
33.738 1072
33.757 1072
33.7741 1072
33.793 1072
33.812 1072
33.8681 1072
33.8694 1072
33.8705 1072
33.889 1072
33.908 1072
33.927 1072
33.9441 1072
33.963 1072
33.982 1072
34.002 1072
34.021 1072
34.04 1072
34.059 1072
34.078 1072
34.0951 1072
34.114 1072
34.133 1072
34.152 1072
34.172 1072
34.191 1072
34.21 1072
34.229 1072
34.2461 1072
34.265 1072
34.284 1072
34.303 1072
34.323 1072
34.3411 1072
34.361 1072
34.38 1072
34.399 1072
34.4161 1072
34.435 1072
34.454 1072
34.474 1072
34.493 1072
34.512 1072
34.531 1072
34.55 1072
34.5671 1072
34.586 1072
34.591 65392
34.591 65392
34.593 65392
34.5931 65392
34.595 65392
34.5951 65392
34.596 65392
34.597 65392
34.598 65392
34.599 65392
34.6 65392
34.6001 65392
34.601 65392
34.602 65392
34.603 65392
34.604 65392
34.605 65392
34.606 65392
34.607 65392
34.608 65392
34.609 65392
34.61 65392
34.611 65392
34.612 65392
34.613 65392
34.614 65392
34.615 65392
34.616 65392
34.617 65392
34.6171 65392
34.618 65392
34.619 65392
34.62 65392
34.621 65392
34.622 65392
34.623 65392
34.624 65392
34.625 65392
34.626 65392
34.627 65392
34.628 65392
34.629 65392
34.63 65392
34.631 65392
34.632 65392
34.633 65392
34.634 65392
34.6341 65392
34.635 65392
34.636 65392
34.637 65392
34.638 65392
34.639 65392
34.64 65392
34.641 65392
34.642 65392
34.643 65392
34.644 65392
34.645 65392
34.646 65392
34.647 65392
34.648 65392
34.649 65392
34.65 65392
34.651 65392
34.6511 65392
34.652 65392
34.653 65392
34.654 65392
34.655 65392
34.656 65392
34.657 65392
34.658 65392
34.659 65392
34.66 65392
34.661 65392
34.662 65392
34.663 65392
34.664 65392
34.665 65392
34.666 65392
34.667 65392
34.668 65392
34.6681 65392
34.669 65392
34.67 65392
34.671 65392
34.672 65392
34.673 65392
34.674 65392
34.675 65392
34.676 65392
34.677 65392
34.678 65392
34.679 65392
34.68 65392
34.681 65392
34.682 65392
34.683 65392
34.684 65392
34.6841 65392
34.685 65392
34.686 65392
34.687 65392
34.688 65392
34.689 65392
34.69 65392
34.691 65392
34.692 65392
34.693 65392
34.694 65392
34.695 65392
34.696 65392
34.697 65392
34.698 65392
34.699 65392
34.7 65392
34.701 65392
34.7012 65392
34.702 65392
34.703 65392
34.704 65392
34.705 65392
34.706 65392
34.707 65392
34.708 65392
34.709 65392
34.71 65392
34.711 65392
34.712 65392
34.713 65392
34.714 65392
34.715 65392
34.716 65392
34.717 65392
34.718 65392
34.7182 65392
34.725 65152
34.7411 65152
34.7532 65152
34.852 65152
34.887 65152
34.921 65152
34.96 65152
34.998 65152
35.036 65152
35.077 65152
35.117 65152
35.157 65152
35.198 65152
35.238 65152
35.279 65152
35.311 65152
35.353 65152
35.396 65152
35.4361 65152
35.481 65152
35.513 65152
35.5551 65152
35.5991 65152
35.644 65152
35.689 65152
35.734 65152
35.778 65152
35.825 65152
35.87 65152
35.914 65152
35.961 65152
36.008 65152
36.061 65152
36.119 65152
36.174 65152
36.238 65152
36.295 65152
36.3631 65152
36.416 65152
36.491 65152
36.565 65152
36.668 65152
36.69 65152
36.767 65152
36.841 65152
36.92 65152
36.937 61104
36.937 61104
36.9371 61104
36.9372 61104
36.939 61104
36.9391 61104
36.941 61104
36.9411 61104
36.942 61104
36.943 61104
36.944 61104
36.945 61104
36.946 61104
36.947 61104
36.948 61104
36.949 61104
36.95 61104
36.951 61104
36.952 61104
36.953 61104
36.9531 61104
36.954 61104
36.955 61104
36.956 61104
36.957 61104
36.958 61104
36.959 61104
36.96 61104
36.961 61104
36.962 61104
36.963 61104
36.964 61104
36.965 61104
36.966 61104
36.967 61104
36.968 61104
36.969 61104
36.97 61104
36.9701 61104
36.971 61104
36.972 61104
36.973 61104
36.974 61104
36.975 61104
36.976 61104
36.977 61104
36.978 61104
36.979 61104
36.98 61104
36.981 61104
36.982 61104
36.983 61104
36.984 61104
36.985 61104
36.986 61104
36.987 61104
36.9871 61104
36.988 61104
36.989 61104
36.99 61104
36.991 61104
36.992 61104
36.993 61104
36.994 61104
36.995 61104
36.996 61104
36.997 61104
36.998 61104
36.999 61104
37 61104
37.001 61104
37.002 61104
37.003 61104
37.004 61104
37.0041 61104
37.005 61104
37.006 61104
37.007 61104
37.008 61104
37.009 61104
37.01 61104
37.011 61104
37.012 61104
37.013 61104
37.014 61104
37.015 61104
37.016 61104
37.017 61104
37.018 61104
37.019 61104
37.02 61104
37.021 61104
37.0211 61104
37.022 61104
37.023 61104
37.024 61104
37.025 61104
37.026 61104
37.027 61104
37.028 61104
37.029 61104
37.03 61104
37.031 61104
37.032 61104
37.033 61104
37.034 61104
37.035 61104
37.036 61104
37.037 61104
37.038 61104
37.0382 61104
37.039 61104
37.04 61104
37.041 61104
37.042 61104
37.043 61104
37.044 61104
37.045 61104
37.046 61104
37.047 61104
37.048 61104
37.049 61104
37.05 61104
37.051 61104
37.052 61104
37.053 61104
37.054 61104
37.0542 61104
37.055 61104
37.056 61104
37.057 61104
37.058 61104
37.059 61104
37.06 61104
37.061 61104
37.062 61104
37.063 61104
37.064 61104
37.0861 61104
37.088 61104
37.1891 61104
37.236 61104
37.293 61104
37.353 61104
37.412 61104
37.476 61104
37.54 61104
37.601 61104
37.676 61104
37.75 61104
37.825 61104
37.895 61104
37.991 61104
38.073 61104
38.173 61104
38.254 61104
38.378 61104
38.501 61104
38.565 61104
38.69 61104
38.815 61104
38.9422 50384
38.9422 50384
38.9423 50384
38.9424 50384
38.9425 50384
38.9426 50384
38.9427 50384
38.9428 50384
38.9429 50384
38.943 50384
38.9431 50384
38.9432 50384
38.9433 50384
38.9434 50384
38.9435 50384
38.9436 50384
38.9437 50384
38.9438 50384
38.9439 50384
38.944 50384
38.9441 50384
38.9442 50384
38.9443 50384
38.9444 50384
38.9445 50384
38.9446 50384
38.9447 50384
38.9448 50384
38.9449 50384
38.945 50384
38.9451 50384
38.9452 50384
38.9453 50384
38.9454 50384
38.9455 50384
38.9456 50384
38.9457 50384
38.9458 50384
38.9459 50384
38.946 50384
38.9461 50384
38.9462 50384
38.9463 50384
38.9464 50384
38.9465 50384
38.9466 50384
38.9467 50384
38.9468 50384
38.9469 50384
38.947 50384
38.9471 50384
38.9472 50384
38.9473 50384
38.9474 50384
38.9475 50384
38.9476 50384
38.9477 50384
38.9478 50384
38.9479 50384
38.948 50384
38.9481 50384
38.9482 50384
38.9483 50384
38.9484 50384
38.9485 50384
38.9486 50384
38.9487 50384
38.9488 50384
38.9489 50384
38.949 50384
38.9491 50384
38.9492 50384
38.9493 50384
38.9494 50384
38.9495 50384
38.9496 50384
38.9497 50384
38.9498 50384
38.9499 50384
38.95 50384
38.9501 50384
38.9502 50384
38.9503 50384
38.9504 50384
38.9505 50384
38.9506 50384
38.9507 50384
38.9508 50384
38.9509 50384
38.951 50384
38.9511 50384
38.9512 50384
38.9513 50384
38.9514 50384
38.9515 50384
38.9516 50384
38.9517 50384
38.9517 50384
38.9518 50384
38.9519 50384
38.952 50384
38.9521 50384
38.9522 50384
38.9523 50384
38.9524 50384
38.9525 50384
38.9526 50384
38.9527 50384
38.9528 50384
38.9529 50384
38.953 50384
38.9531 50384
38.9532 50384
38.9533 50384
38.9534 50384
38.9535 50384
38.9536 50384
38.9537 50384
38.9538 50384
38.9539 50384
38.954 50384
38.9541 50384
38.9542 50384
38.9543 50384
38.9983 50384
39.0261 50384
39.118 50384
39.203 50384
39.256 50384
39.349 50384
39.43 50384
39.5382 37520
39.5382 37520
39.5383 37520
39.5384 37520
39.5385 37520
39.5386 37520
39.5387 37520
39.5388 37520
39.5389 37520
39.539 37520
39.5391 37520
39.5392 37520
39.5393 37520
39.5394 37520
39.5395 37520
39.5396 37520
39.5397 37520
39.5398 37520
39.5399 37520
39.54 37520
39.5401 37520
39.5402 37520
39.5403 37520
39.5404 37520
39.5405 37520
39.5406 37520
39.5407 37520
39.5408 37520
39.5409 37520
39.541 37520
39.5411 37520
39.5412 37520
39.5413 37520
39.5414 37520
39.5415 37520
39.5416 37520
39.5417 37520
39.5418 37520
39.5419 37520
39.542 37520
39.5421 37520
39.5422 37520
39.5423 37520
39.5424 37520
39.5425 37520
39.5426 37520
39.5427 37520
39.5428 37520
39.5429 37520
39.543 37520
39.5431 37520
39.5432 37520
39.5433 37520
39.5434 37520
39.5435 37520
39.5436 37520
39.5437 37520
39.5438 37520
39.5439 37520
39.544 37520
39.5441 37520
39.5442 37520
39.5443 37520
39.5444 37520
39.5445 37520
39.5446 37520
39.5447 37520
39.5448 37520
39.5449 37520
39.545 37520
39.5451 37520
39.5452 37520
39.5453 37520
39.5454 37520
39.5455 37520
39.5456 37520
39.5457 37520
39.5458 37520
39.5459 37520
39.546 37520
39.5461 37520
39.5462 37520
39.5463 37520
39.5464 37520
39.5465 37520
39.5466 37520
39.5467 37520
39.5468 37520
39.5469 37520
39.547 37520
39.5943 37520
39.609 37520
39.693 37520
39.773 37520
39.862 37520
39.956 37520
40.058 37520
40.2092 28408
40.2092 28408
40.2093 28408
40.2094 28408
40.2095 28408
40.2096 28408
40.2097 28408
40.2098 28408
40.2099 28408
40.21 28408
40.2101 28408
40.2102 28408
40.2103 28408
40.2104 28408
40.2105 28408
40.2106 28408
40.2107 28408
40.2108 28408
40.2109 28408
40.211 28408
40.2111 28408
40.2112 28408
40.2113 28408
40.2114 28408
40.2115 28408
40.2116 28408
40.2117 28408
40.2118 28408
40.2119 28408
40.212 28408
40.2121 28408
40.2122 28408
40.2123 28408
40.2124 28408
40.2125 28408
40.2126 28408
40.2127 28408
40.2128 28408
40.2129 28408
40.213 28408
40.2131 28408
40.2132 28408
40.2133 28408
40.2134 28408
40.2135 28408
40.2136 28408
40.2137 28408
40.2138 28408
40.2139 28408
40.214 28408
40.2141 28408
40.2142 28408
40.2143 28408
40.2144 28408
40.2145 28408
40.2146 28408
40.2147 28408
40.2148 28408
40.2149 28408
40.215 28408
40.2151 28408
40.2152 28408
40.2153 28408
40.2154 28408
40.2155 28408
40.2156 28408
40.2652 28408
40.2921 28408
40.393 28408
40.495 28408
40.7072 20904
40.7072 20904
40.7073 20904
40.7074 20904
40.7075 20904
40.7076 20904
40.7077 20904
40.7078 20904
40.708 20904
40.7081 20904
40.7082 20904
40.7083 20904
40.7084 20904
40.7085 20904
40.7086 20904
40.7087 20904
40.7088 20904
40.7089 20904
40.709 20904
40.7091 20904
40.7092 20904
40.7093 20904
40.7094 20904
40.7095 20904
40.7096 20904
40.7097 20904
40.7098 20904
40.7099 20904
40.71 20904
40.7101 20904
40.7102 20904
40.7103 20904
40.7104 20904
40.7105 20904
40.7106 20904
40.7107 20904
40.7108 20904
40.7109 20904
40.711 20904
40.7111 20904
40.7112 20904
40.7113 20904
40.7114 20904
40.7115 20904
40.7633 20904
40.819 20904
40.942 20904
41.169 15544
41.169 15544
41.1692 15544
41.1693 15544
41.17 15544
41.1702 15544
41.1703 15544
41.171 15544
41.1712 15544
41.1713 15544
41.172 15544
41.1722 15544
41.1723 15544
41.173 15544
41.1732 15544
41.1733 15544
41.174 15544
41.1742 15544
41.1743 15544
41.175 15544
41.1752 15544
41.1753 15544
41.176 15544
41.1762 15544
41.1763 15544
41.177 15544
41.1772 15544
41.1773 15544
41.1774 15544
41.2251 15544
41.337 15544
41.4402 11256
41.4402 11256
41.4403 11256
41.4404 11256
41.4405 11256
41.4406 11256
41.4408 11256
41.4409 11256
41.441 11256
41.4411 11256
41.4412 11256
41.4413 11256
41.4414 11256
41.4415 11256
41.4416 11256
41.4417 11256
41.4418 11256
41.54 11256
41.5403 11256
41.5411 11256
41.5962 11256
41.7022 8040
41.7022 8040
41.7024 8040
41.7025 8040
41.703 8040
41.7031 8040
41.7032 8040
41.7033 8040
41.7034 8040
41.7035 8040
41.7036 8040
41.704 8040
41.7041 8040
41.7042 8040
41.7043 8040
41.759 8040
41.759 8040
41.9242 5896
41.9242 5896
41.9244 5896
41.9245 5896
41.9246 5896
41.981 5896
41.981 5896
42.1432 4288
42.1432 4288
42.1434 4288
42.1435 4288
42.2 4288
42.2 4288
43.3136 3216
43.3136 3216
43.626 3216
43.683 3216
43.74 3216
43.7401 3216
43.796 3216
43.7961 3216
43.7962 3216
43.7963 3216
43.7964 3216
43.7964 3216
43.7965 3216
43.854 3216
43.911 3216
43.9111 3216
43.9112 3216
43.9113 3216
43.913 3216
43.915 3216
43.917 3216
43.967 3216
43.9671 3216
43.9672 3216
43.9673 3216
43.969 3216
43.971 3216
43.973 3216
43.975 3216
43.977 3216
43.9771 3216
43.979 3216
44.023 3216
44.035 3216
44.1602 3216
44.176 3216
44.22 3216
44.239 3216
44.28 3216
44.299 3216
44.338 3216
44.3551 3216
44.394 3216
44.4111 3216
44.4531 3216
44.467 3216
44.5 3216
44.5191 3216
44.5522 3216
44.568 3216
44.588 3216
44.63 3216
44.6351 3216
44.6652 3216
44.689 3216
44.708 3216
44.727 3216
44.751 3216
44.77 3216
44.7871 3216
44.808 3216
44.827 3216
44.844 3216
44.863 3216
44.882 3216
44.902 3216
44.921 3216
44.94 3216
44.959 3216
44.978 3216
44.9951 3216
45.014 3216
45.033 3216
45.0564 3216
45.072 3216
45.091 3216
45.11 3216
45.129 3216
45.1461 3216
45.165 3216
45.184 3216
45.203 3216
45.223 3216
45.242 3216
45.261 3216
45.28 3216
45.299 3216
45.316 3216
45.335 3216
45.354 3216
45.374 3216
45.393 3216
45.412 3216
45.431 3216
45.45 3216
45.4671 3216
45.486 3216
45.505 3216
45.524 3216
45.544 3216
45.563 3216
45.582 3216
45.601 3216
45.6181 3216
45.637 3216
45.656 3216
45.675 3216
45.695 3216
45.714 3216
45.733 3216
45.752 3216
45.771 3216
45.788 3216
45.807 3216
45.826 3216
45.846 3216
45.865 3216
45.884 3216
45.903 3216
45.9485 3216
45.9494 3216
45.958 3216
45.977 3216
45.996 3216
46.016 3216
46.035 3216
46.054 3216
46.073 3216
46.0901 3216
46.109 3216
46.128 3216
46.147 3216
46.167 3216
46.186 3216
46.205 3216
46.224 3216
46.243 3216
46.26 3216
46.279 3216
46.298 3216
46.318 3216
46.337 3216
46.356 3216
46.375 3216
46.394 3216
46.4111 3216
46.43 3216
46.449 3216
46.468 3216
46.488 3216
46.507 3216
46.526 3216
46.5501 3216
46.5621 3216
46.581 3216
46.6 3216
46.619 3216
46.639 3216
46.658 3216
46.677 3216
46.696 3216
46.715 3216
46.732 3216
46.751 3216
46.77 3216
46.79 3216
46.809 3216
46.828 3216
46.847 3216
46.866 3216
46.8831 3216
46.902 3216
46.921 3216
46.93 64856
46.93 64856
46.9301 64856
46.932 64856
46.9321 64856
46.934 64856
46.9341 64856
46.9342 64856
46.935 64856
46.936 64856
46.937 64856
46.938 64856
46.939 64856
46.94 64856
46.941 64856
46.942 64856
46.943 64856
46.944 64856
46.945 64856
46.946 64856
46.947 64856
46.948 64856
46.949 64856
46.95 64856
46.9501 64856
46.951 64856
46.952 64856
46.953 64856
46.954 64856
46.955 64856
46.963 64856
46.9631 64856
46.9632 64856
46.9633 64856
46.9634 64856
46.968 64856
46.9681 64856
46.9682 64856
46.9683 64856
46.9684 64856
46.9685 64856
46.9686 64856
46.9687 64856
46.969 64856
46.9691 64856
46.97 64856
46.971 64856
46.972 64856
46.973 64856
46.974 64856
46.975 64856
46.976 64856
46.977 64856
46.978 64856
46.979 64856
46.98 64856
46.981 64856
46.982 64856
46.983 64856
46.9831 64856
46.984 64856
46.985 64856
46.986 64856
46.987 64856
46.995 64856
46.9951 64856
46.9952 64856
46.9953 64856
46.9954 64856
46.9955 64856
46.9956 64856
46.996 64856
46.9961 64856
46.997 64856
46.998 64856
46.999 64856
47 64856
47.0001 64856
47.001 64856
47.002 64856
47.003 64856
47.004 64856
47.005 64856
47.006 64856
47.014 64856
47.0141 64856
47.0142 64856
47.0143 64856
47.0144 64856
47.0145 64856
47.0146 64856
47.015 64856
47.0151 64856
47.016 64856
47.017 64856
47.0171 64856
47.018 64856
47.019 64856
47.02 64856
47.021 64856
47.022 64856
47.023 64856
47.024 64856
47.025 64856
47.026 64856
47.027 64856
47.028 64856
47.029 64856
47.03 64856
47.031 64856
47.032 64856
47.033 64856
47.034 64856
47.0342 64856
47.035 64856
47.036 64856
47.037 64856
47.038 64856
47.039 64856
47.04 64856
47.041 64856
47.042 64856
47.043 64856
47.044 64856
47.045 64856
47.046 64856
47.047 64856
47.048 64856
47.049 64856
47.05 64856
47.051 64856
47.0512 64856
47.052 64856
47.053 64856
47.054 64856
47.055 64856
47.056 64856
47.057 64856
47.064 64512
47.0791 64512
47.09 64512
47.1921 64512
47.235 64512
47.266 64512
47.3 64512
47.334 64512
47.368 64512
47.409 64512
47.447 64512
47.488 64512
47.53 64512
47.568 64512
47.611 64512
47.651 64512
47.694 64512
47.734 64512
47.777 64512
47.819 64512
47.862 64512
47.904 64512
47.949 64512
47.991 64512
48.0361 64512
48.081 64512
48.125 64512
48.1701 64512
48.217 64512
48.261 64512
48.3061 64512
48.355 64512
48.408 64512
48.463 64512
48.519 64512
48.582 64512
48.638 64512
48.71 64512
48.759 64512
48.831 64512
48.906 64512
48.98 64512
49.054 64512
49.131 64512
49.205 64512
49.282 64512
49.359 64512
49.384 61104
49.384 61104
49.3841 61104
49.3842 61104
49.386 61104
49.3861 61104
49.388 61104
49.3881 61104
49.389 61104
49.39 61104
49.391 61104
49.392 61104
49.393 61104
49.394 61104
49.395 61104
49.396 61104
49.397 61104
49.398 61104
49.399 61104
49.4 61104
49.401 61104
49.4011 61104
49.402 61104
49.403 61104
49.404 61104
49.405 61104
49.406 61104
49.407 61104
49.408 61104
49.409 61104
49.41 61104
49.411 61104
49.412 61104
49.413 61104
49.414 61104
49.415 61104
49.416 61104
49.417 61104
49.418 61104
49.4181 61104
49.419 61104
49.42 61104
49.421 61104
49.422 61104
49.423 61104
49.424 61104
49.425 61104
49.426 61104
49.427 61104
49.428 61104
49.429 61104
49.43 61104
49.431 61104
49.432 61104
49.433 61104
49.434 61104
49.435 61104
49.4351 61104
49.436 61104
49.437 61104
49.438 61104
49.439 61104
49.44 61104
49.441 61104
49.442 61104
49.443 61104
49.444 61104
49.445 61104
49.446 61104
49.447 61104
49.448 61104
49.449 61104
49.45 61104
49.451 61104
49.4511 61104
49.452 61104
49.453 61104
49.454 61104
49.455 61104
49.456 61104
49.457 61104
49.458 61104
49.459 61104
49.46 61104
49.461 61104
49.462 61104
49.463 61104
49.464 61104
49.465 61104
49.466 61104
49.467 61104
49.468 61104
49.4681 61104
49.469 61104
49.47 61104
49.471 61104
49.472 61104
49.473 61104
49.474 61104
49.475 61104
49.476 61104
49.477 61104
49.478 61104
49.479 61104
49.48 61104
49.481 61104
49.482 61104
49.483 61104
49.484 61104
49.485 61104
49.4852 61104
49.486 61104
49.487 61104
49.488 61104
49.489 61104
49.49 61104
49.491 61104
49.492 61104
49.493 61104
49.494 61104
49.495 61104
49.496 61104
49.497 61104
49.498 61104
49.499 61104
49.5 61104
49.501 61104
49.502 61104
49.5022 61104
49.503 61104
49.504 61104
49.505 61104
49.506 61104
49.507 61104
49.508 61104
49.509 61104
49.51 61104
49.511 61104
49.512 61104
49.513 61104
49.5331 61104
49.535 61104
49.536 61104
49.603 61104
49.6031 61104
49.636 61104
49.636 61104
49.69 61104
49.747 61104
49.804 61104
49.866 61104
49.928 61104
49.9831 61104
50.06 61104
50.13 61104
50.202 61104
50.272 61104
50.359 61104
50.442 61104
50.51 61104
50.625 61104
50.6911 61104
50.814 61104
50.94 61104
51.063 61104
51.189 61104
51.3141 61104
51.444 61104
51.593 61104
51.839 61104
52.192 61104
52.6402 51992
52.6402 51992
52.6403 51992
52.6404 51992
52.6405 51992
52.6406 51992
52.6407 51992
52.6408 51992
52.6409 51992
52.641 51992
52.6411 51992
52.6412 51992
52.6413 51992
52.6414 51992
52.6415 51992
52.6416 51992
52.6417 51992
52.6418 51992
52.6419 51992
52.642 51992
52.6421 51992
52.6422 51992
52.6423 51992
52.6424 51992
52.6425 51992
52.6426 51992
52.6427 51992
52.6428 51992
52.6429 51992
52.643 51992
52.6431 51992
52.6432 51992
52.6433 51992
52.6434 51992
52.6435 51992
52.6436 51992
52.6437 51992
52.6438 51992
52.6439 51992
52.644 51992
52.6441 51992
52.6442 51992
52.6443 51992
52.6444 51992
52.6445 51992
52.6446 51992
52.6447 51992
52.6448 51992
52.6449 51992
52.645 51992
52.6451 51992
52.6452 51992
52.6453 51992
52.6454 51992
52.6455 51992
52.6456 51992
52.6457 51992
52.6458 51992
52.6459 51992
52.646 51992
52.6461 51992
52.6462 51992
52.6463 51992
52.6464 51992
52.6465 51992
52.6466 51992
52.6467 51992
52.6468 51992
52.6469 51992
52.647 51992
52.6471 51992
52.6472 51992
52.6473 51992
52.6474 51992
52.6475 51992
52.6476 51992
52.6477 51992
52.6478 51992
52.6479 51992
52.648 51992
52.6481 51992
52.6482 51992
52.6483 51992
52.6484 51992
52.6485 51992
52.6486 51992
52.6487 51992
52.6488 51992
52.6489 51992
52.649 51992
52.6491 51992
52.6492 51992
52.6493 51992
52.6494 51992
52.6495 51992
52.6496 51992
52.6497 51992
52.6497 51992
52.6498 51992
52.6499 51992
52.65 51992
52.6501 51992
52.6502 51992
52.6503 51992
52.6504 51992
52.6505 51992
52.6506 51992
52.6507 51992
52.6508 51992
52.6509 51992
52.651 51992
52.6511 51992
52.6512 51992
52.6513 51992
52.6514 51992
52.6515 51992
52.6516 51992
52.6517 51992
52.6518 51992
52.6519 51992
52.652 51992
52.6521 51992
52.6522 51992
52.6523 51992
52.6524 51992
52.6525 51992
52.653 51992
52.6963 51992
52.6964 51992
52.718 51992
52.756 51992
52.796 51992
52.837 51992
52.877 51992
52.919 51992
52.966 51992
53.006 51992
53.051 51992
53.096 51992
53.141 51992
53.189 51992
53.287 51992
53.338 51992
53.39 51992
53.444 51992
53.5 51992
53.556 51992
53.6942 43416
53.6942 43416
53.6943 43416
53.6944 43416
53.6945 43416
53.6946 43416
53.6947 43416
53.6948 43416
53.6949 43416
53.695 43416
53.6951 43416
53.6952 43416
53.6953 43416
53.6954 43416
53.6955 43416
53.6956 43416
53.6957 43416
53.6958 43416
53.6959 43416
53.696 43416
53.6961 43416
53.6962 43416
53.6963 43416
53.6964 43416
53.6965 43416
53.6966 43416
53.6967 43416
53.6968 43416
53.6969 43416
53.697 43416
53.6971 43416
53.6972 43416
53.6973 43416
53.6974 43416
53.6975 43416
53.6976 43416
53.6977 43416
53.6978 43416
53.6979 43416
53.698 43416
53.6981 43416
53.6982 43416
53.6983 43416
53.6984 43416
53.6985 43416
53.6986 43416
53.6987 43416
53.6988 43416
53.6989 43416
53.699 43416
53.6991 43416
53.6992 43416
53.6993 43416
53.6994 43416
53.6995 43416
53.794 43416
53.7942 43416
53.7943 43416
53.7944 43416
53.7945 43416
53.7946 43416
53.7947 43416
53.7948 43416
53.795 43416
53.7952 43416
53.7953 43416
53.7954 43416
53.7955 43416
53.7956 43416
53.7957 43416
53.7958 43416
53.7959 43416
53.796 43416
53.7962 43416
53.7963 43416
53.7964 43416
53.7965 43416
53.7966 43416
53.7967 43416
53.7968 43416
53.797 43416
53.7972 43416
53.7973 43416
53.7974 43416
53.7975 43416
53.7976 43416
53.7977 43416
53.7978 43416
53.7979 43416
53.798 43416
53.7982 43416
53.7983 43416
53.7984 43416
53.7985 43416
53.7986 43416
53.7987 43416
53.7988 43416
53.7989 43416
53.7991 43416
53.7992 43416
53.7993 43416
53.7994 43416
53.7995 43416
53.8502 43416
53.862 43416
53.95 43416
54.1632 31088
54.1632 31088
54.1633 31088
54.1634 31088
54.1635 31088
54.1636 31088
54.1637 31088
54.164 31088
54.1641 31088
54.1642 31088
54.1643 31088
54.1644 31088
54.1645 31088
54.1646 31088
54.1648 31088
54.165 31088
54.1652 31088
54.1653 31088
54.1654 31088
54.1655 31088
54.1656 31088
54.1657 31088
54.1658 31088
54.166 31088
54.1662 31088
54.1663 31088
54.1664 31088
54.1665 31088
54.1666 31088
54.1667 31088
54.1668 31088
54.167 31088
54.1672 31088
54.1673 31088
54.1674 31088
54.1675 31088
54.1676 31088
54.1677 31088
54.168 31088
54.1682 31088
54.1683 31088
54.1684 31088
54.1685 31088
54.1686 31088
54.1688 31088
54.1691 31088
54.1692 31088
54.1693 31088
54.1694 31088
54.1696 31088
54.1697 31088
54.1698 31088
54.1701 31088
54.1702 31088
54.1703 31088
54.1704 31088
54.1706 31088
54.1707 31088
54.1708 31088
54.1711 31088
54.1712 31088
54.1713 31088
54.1714 31088
54.1716 31088
54.3363 31088
54.3378 31088
54.3379 31088
54.338 31088
54.3381 31088
54.3382 31088
54.3383 31088
54.3383 31088
54.4362 21976
54.4362 21976
54.4363 21976
54.4364 21976
54.4365 21976
54.4366 21976
54.4367 21976
54.4368 21976
54.437 21976
54.4372 21976
54.4373 21976
54.4374 21976
54.4375 21976
54.4376 21976
54.4377 21976
54.4378 21976
54.438 21976
54.4381 21976
54.4382 21976
54.4383 21976
54.4385 21976
54.4386 21976
54.4387 21976
54.4388 21976
54.439 21976
54.4391 21976
54.4392 21976
54.4393 21976
54.4395 21976
54.4396 21976
54.4397 21976
54.4398 21976
54.5361 21976
54.5363 21976
54.5364 21976
54.5371 21976
54.5921 21976
54.5923 21976
54.5924 21976
54.5925 21976
54.5926 21976
54.5927 21976
54.5928 21976
54.593 21976
54.594 21976
54.595 21976
54.596 21976
54.597 21976
54.598 21976
54.599 21976
54.6 21976
54.601 21976
54.603 21976
54.6032 21976
54.7111 21976
54.7113 21976
54.7123 21976
54.7131 15008
54.7132 15008
54.767 15008
54.7671 15008
54.87 15008
54.8701 15008
54.8702 15008
54.8703 15008
54.8704 15008
54.8705 15008
54.8706 15008
54.8707 15008
54.8708 15008
54.871 15008
55.7128 12328
55.7128 12328
55.769 12328
55.825 12328
55.9391 12328
55.953 12328
56 12328
56.019 12328
56.1541 12328
56.215 12328
56.2821 12328
56.329 12328
56.341 12328
56.3851 12328
56.399 12328
56.4411 12328
56.455 12328
56.497 12328
56.509 12328
56.528 12328
56.563 12328
56.5801 12328
56.612 12328
56.631 12328
56.65 12328
56.6771 12328
56.696 12328
56.7233 12328
56.742 12328
56.761 12328
56.785 12328
56.804 12328
56.823 12328
56.842 12328
56.861 12328
56.8781 12328
56.897 12328
56.916 12328
56.935 12328
56.955 12328
56.974 12328
56.993 12328
57.012 12328
57.031 12328
57.0481 12328
57.067 12328
57.086 12328
57.105 12328
57.125 12328
57.144 12328
57.163 12328
57.182 12328
57.2025 12328
57.218 12328
57.237 12328
57.256 12328
57.276 12328
57.295 12328
57.314 12328
57.333 12328
57.3501 12328
57.369 12328
57.388 12328
57.407 12328
57.427 12328
57.446 12328
57.465 12328
57.484 12328
57.503 12328
57.5201 12328
57.539 12328
57.558 12328
57.577 12328
57.597 12328
57.616 12328
57.635 12328
57.654 12328
57.6711 12328
57.69 12328
57.748 12328
57.7489 12328
57.7498 12328
57.767 12328
57.786 12328
57.805 12328
57.8221 12328
57.841 12328
57.86 12328
57.879 12328
57.899 12328
57.918 12328
57.937 12328
57.956 12328
57.975 12328
57.9921 12328
58.011 12328
58.03 12328
58.049 12328
58.069 12328
58.088 12328
58.107 12328
58.133 12328
58.1431 12328
58.162 12328
58.181 12328
58.2 12328
58.22 12328
58.239 12328
58.258 12328
58.277 12328
58.2941 12328
58.313 12328
58.332 12328
58.351 12328
58.371 12328
58.39 12328
58.409 12328
58.428 12328
58.447 12328
58.4641 12328
58.483 12328
58.502 12328
58.521 12328
58.541 12328
58.56 12328
58.579 12328
58.598 12328
58.6151 12328
58.634 12328
58.653 12328
58.679 12328
58.692 12328
58.711 12328
58.73 12328
58.749 12328
58.7661 12328
58.785 12328
58.804 12328
58.823 12328
58.843 12328
58.862 12328
58.881 12328
58.9 12328
58.919 12328
58.9361 12328
58.953 64856
58.953 64856
58.9531 64856
58.9532 64856
58.955 64856
58.9551 64856
58.957 64856
58.9571 64856
58.958 64856
58.959 64856
58.96 64856
58.961 64856
58.962 64856
58.963 64856
58.964 64856
58.965 64856
58.966 64856
58.967 64856
58.968 64856
58.969 64856
58.9691 64856
58.97 64856
58.971 64856
58.972 64856
58.973 64856
58.974 64856
58.975 64856
58.976 64856
58.977 64856
58.978 64856
58.979 64856
58.98 64856
58.981 64856
58.982 64856
58.983 64856
58.984 64856
58.985 64856
58.986 64856
58.9861 64856
58.987 64856
58.988 64856
58.989 64856
58.99 64856
58.991 64856
58.992 64856
58.993 64856
58.994 64856
58.995 64856
58.996 64856
58.997 64856
58.998 64856
58.999 64856
59 64856
59.001 64856
59.002 64856
59.0021 64856
59.003 64856
59.004 64856
59.005 64856
59.006 64856
59.007 64856
59.008 64856
59.009 64856
59.01 64856
59.011 64856
59.012 64856
59.013 64856
59.014 64856
59.015 64856
59.016 64856
59.017 64856
59.018 64856
59.019 64856
59.0191 64856
59.02 64856
59.021 64856
59.022 64856
59.023 64856
59.024 64856
59.025 64856
59.026 64856
59.027 64856
59.028 64856
59.029 64856
59.03 64856
59.031 64856
59.032 64856
59.033 64856
59.034 64856
59.035 64856
59.036 64856
59.0361 64856
59.037 64856
59.038 64856
59.039 64856
59.04 64856
59.041 64856
59.042 64856
59.043 64856
59.044 64856
59.045 64856
59.046 64856
59.047 64856
59.048 64856
59.049 64856
59.05 64856
59.051 64856
59.052 64856
59.053 64856
59.0532 64856
59.054 64856
59.055 64856
59.056 64856
59.057 64856
59.058 64856
59.059 64856
59.06 64856
59.061 64856
59.062 64856
59.063 64856
59.064 64856
59.065 64856
59.066 64856
59.067 64856
59.068 64856
59.069 64856
59.07 64856
59.0702 64856
59.071 64856
59.072 64856
59.073 64856
59.074 64856
59.075 64856
59.076 64856
59.077 64856
59.078 64856
59.079 64856
59.086 64752
59.1021 64752
59.112 64752
59.212 64752
59.25 64752
59.288 64752
59.326 64752
59.365 64752
59.405 64752
59.443 64752
59.484 64752
59.5221 64752
59.562 64752
59.605 64752
59.643 64752
59.686 64752
59.726 64752
59.769 64752
59.811 64752
59.854 64752
59.896 64752
59.941 64752
59.983 64752
